 1893   -99   -99   -99   -99   -99   -99   -99   -99   -99   -99   -99   -99   -99   -99   -99   -99   -99   -99   -99   -99   -99   -99   -99   -99   -99   -99   -99   -99
 1894    -6     5     0   -14     4    19    14    16    30     5    -4    10     4    -2     4    -1    18     6    -3    -5    -8     3     0    -9     6     9    29    32
 1895   -29   -16   -18   -21   -30   -18   -17   -22   -23   -18   -19    -7    10     5    -8   -10    25     8    -1    19    15     0     0    27    28    25    33    37
 1896    25    19    27    29    24    22    17     1    17    22    12    10    12    -4     7    -1    -9    12    -1   -11    -6    11    34    32    22    29    30    19
 1897    22    25    22    18    22    21    22    13     2    12    22    21    23    15    19    27    16     4     8    28    24    10    -5    -4   -10   -14   -18     8
 1898   -12   -10    -3     9    10    15    20    22    32    32    24    20    22    22    15     5    12    -1    12    13    12     0    10     5     7     8    16    17
 1899    -5   -12   -11   -19   -20   -13   -28   -28   -32   -34   -27   -24   -21     1    15    30    31    21    22    32    23    23    -2   -13    10     6   -11    -2
 1900   -10    -4    13     4    10   -13    12    -1   -16     0    27    10   -10    -3   -14   -10    -8    -6     5    13    25    10     2   -11   -11    -4     2    13
 1901     0    -6     5     5    -9    -8     6    20     6   -16     7    -8    -4     9     6    21    20    10    -2     2   -11    -6     3    -6   -12    -5   -12    -8
 1902    -4    -9   -14   -12   -15    -4    -7    -8    -3     3    -5    -1    -1    -6    -8     7     8    -7   -10    -1    16    18    20    25    20    37    34    28
 1903    26    13     8    12    -2    -3    10     8    20    23    22    14     5     5    -2   -14   -16   -18    -3    -7     5    12    19     8    12    20    33    11
 1904   -23     0    -9   -14     7    24    -1    -3    -2     0    -3   -10    14     0   -11   -12     3     3   -12   -12     0    -7    11    -3     2     9    12    24
 1905   -18   -26   -24   -21     7    -7   -23    12     0   -12    -7   -17   -25    -9   -24     0    13    12    -4    17    28    25    29    30    27    18    18    20
 1906     5    -1     3    -3   -13   -13    -8     0    -8   -10    -1    22    15    -8   -23   -13    19    22    12    32    26    25    29    28    18    14    10    14
 1907    12    -7   -16   -12   -18   -23    -2    -1    -1    25    25     9    23    11    20    25    23    34    22    17    -2     1    11    26    19    20    20    19
 1908    -3   -16     4    -5    20     6    -5    10    12     9    34    40    31    30     9    11     4    18    10    -2    13     2    28    22    35    12     2    14
 1909     4    12    18    23    27    18   -99   -99    10     4     7     4     5     8     0    -5    11    28   -99    25    23    19    30     7    -4    19    13     5
 1910     3    18    14    10     5    -2     5    22    16   -12     2    -2     0    12    13    -4   -12   -14    -3    12    -6   -10   -14   -10    -1    18    -4     0
 1911    32    22    12     8     9     8    -6    -5     6   -11    12    34    34    34    33    34    33    25    19    12     4    14     8    24   -99   -99   -99   -99
 1912     5   -19   -30   -10     0    -8    -5   -16   -20   -23    10     8     6    22    23    21    27    24    17     7    19     0    18    26    17    12    -3     3
 1913   -12     1     4    -5    -8     0     3    14     3    15     5    -8     0    14    25    24    17    32    32    26    20    10    -5   -19    -3    17     1   -14
 1914     8    27     9     3     2    11    -3   -15   -11     0    -4    -4     8     1   -10    -2     8     6     2    12    15     3    -3    -5    10    21    33     5
 1915    20    12    18    25    24    10     7    -3    -8    16    20    27    32    25    20     2    22    33    27    29    33    33    28    28    25     3     3     3
 1916    -7   -12    -3    -7    -5    -1   -16    -3     0    -2    13    12     0   -12    20    19    30    19    20    28    28    20    22    20    20    14     7    13
 1917    -3   -25   -25   -13   -14    -7    -4    -3   -13   -13   -14   -22   -22     6     6    14    13     1     2   -12   -12     2     4    -4    -4    19    -4    -5
 1918   -31   -31    -9   -18   -18     1    20    22     7     6    26    32    25    31     8     8    -3    -2    19    -8   -12   -12     4    20    35    13    14    25
 1919    21    25    17     1     2     9     3     8     6     9    27    30    34    27    21    10    20    15    20    29    27    27    27    24    -4    -2     0     6
 1920    16    15    23    21    25    28    29    29    27    12    10    12    12   -11   -16   -13    14    10   -10    21    22    23    17    13     2    -4    -8    11
 1921    20    22    11    25    17     4    13     5    14    18    25    20    24    28    30    18     8     9     8     7    22    22     9    23    18    23    13    26
 1922    15    11    11     0    10     0    -3    12    24    21     1     4   -10    -8     2    -8    14    19    22    11    19    30     8     4     2     8    -1    -7
 1923     7    -2   -22   -22    -4    12     4     8   -10   -10   -12    14     2   -10   -13    -5     1   -15     2     6    18     6    -6    20    26    24    22    29
 1924    21    30    30     9     9     6     7     3    15    11    23    21    24    25     8    13    16     9    13    11    -2   -15     5    -1   -11     4     7    15
 1925     1    10    17    10    27    23    22    32    25    19    12    24    15    11     9     5     6    -2     3    17    23    24    27    27    12     3    -7    12
 1926    17    18    15     7     6    27    15    28    20    10    -1    22    28    20    14     2    26    18     7    18    18    16    17    25    26    18     8    25
 1927    26    15    32    25    33    32    30    11     5     1    22    11    19    21     6    26    15     0     9    16    23    38    27    27    30    20    15    15
 1928     9     7    11    32    20    25    32    26    26    27    25    30    32    30    26    20    10     4    10     5     3    22     1     1   -13    10    11    24
 1929   -21    -6     0    12    20    19     9    -2   -21   -23   -17   -10   -18    -5     7    12    -8   -14   -17   -35     5   -17     6    19    23    24     9    23
 1930    14    14    25    24    23    21    16    -2    25     9    25    25     5    -6   -20     3    17    26    36    40    46    43    25    39    32    23    19    25
 1931    18    25    29    19    18    22    22    23     7    -4    20    23     8    -2    18    25    24    28    26    20    18    22    24    32    28    13    30    22
 1932    -6    13    -4    -5    11    20    14     1    18    28    23    11     6     5    14    28     5    -6    10     1    28     8     3    26    28    30    34    28
 1933    20     8     9   -10   -17     0   -14   -23   -27    -9   -12    -7     6    -1    -9    24     1     8    28    22     5    28    29    24    34    22    25    25
 1934    20     8     9   -10   -17     0   -14   -23   -27    -9   -12    -7     6    -1    -9    24     1     8    28    22     5    28    29    24    34    22    25    25
 1935    22    22    29    18    16     9    14    15    14    28    26    27    19    32    32    23    22    22    26    14    19    17    14    11     6   -15   -19     2
 1936   -18   -23     4   -16   -27   -20    -9   -12   -17   -14   -16    -3     2   -15   -14   -24   -15   -22   -19    -4   -23   -24    10    32    24     9     9    -6
 1937   -19   -23     0    -1   -10   -10     2     2   -13   -24     6    21    23    12    20    17    16    21    31    31     7    -6     6     5     2     4    14    -1
 1938    -7    17    18    14    34    32    22    33    28    22    26    31    24     6    10    19    26    10    15    14    13    22    16    19     9    29    33    19
 1939    21     9    -2     2    22    14     5    -2     3   -10   -15     8    30    15    -7    -1    -7    25    24    -1    -4    -2     4    -1    -6     0    17    17
 1940    20     6    -3    22    11    20     6    13    -3   -10     8    23    11    12    19    30    30    27    28    26    22    10     9    -2   -27     9    22    14
 1941    17    22    -4    14    25    13    13     9     6     2    -1    27    26    11    16    12     5   -15   -17    -8     1    -3     0    12    -1    13    10   -13
 1942    12     2    18    27    30    31    23    16    19     8    12    15    20    14    14    13    -9    -9   -20   -21     4    18    12    13     6    18    22     9
 1943   -10   -12    28    20    29     8    -1     5    22     3    -5     6    -3   -15    -8   -13     6     2    34    27    13    22    33    21    -3     3    17    13
 1944     9    28    25    18    18     3    23    19    11    15    -3   -16    -6    19   -10     2     0   -20   -12     0     2    29    12    20    26    34    28    20
 1945   -23     6    11    24   -12     5    21    17    22    23     2     2    21    19    38     7    -7   -10    -7    12    13    13    17     8    12    -7     3     9
 1946    -4    -7   -16    20    32    11     0    12     0     1    22    19    11    -5   -10    19     3    12    29     5    19    25    24    15    19    22    12   -10
 1947   -11   -22    -5    -7   -15    -2    -5     0    -5    -1    -6     7    29    24    21    26    23     5    -4     7     3     2     4    13    18    14     1     8
 1948     0     2    -1   -14     1   -15     0   -26   -22    -5     8   -29    -2    -4   -11   -32    21    22     6    -3    -3     1    17    31    23    20    27    25
 1949     0   -28     4     8   -10     6   -12     4   -16     2    -6    27    11   -12    -2    -1    -6    32    17    17    22    26    20    26    13    14    18     3
 1950   -11   -13   -12   -12    13    25    22    31    13    19    -2    10    20    20    16    -8    -9    15     1     1    12    10     4   -15   -11   -17     1    27
 1951   -20   -38    -4     4   -11     2   -11   -25   -31     5    27    18     2   -25   -19    25    31    30    28    23    26    17    26    25    37    35    30    21
 1952    33    19    27    25    21    19    19    24    20    20    21    23    32    22    24    16    25    25    21    20    17    -4    20     5     1    22    21    24
 1953    -5     6     5     9    22    26    25     3    10    27    28    16     0    21    -6     1    -9    10    19    31     0     2    10    21    25    29    22    19
 1954    21    19    17    30    26    17     7    33    19    27    10    -2    20    30    36    28    19    30    32    42    31    17    32    29    29    22    30    26
 1955    10     5    -9    16    20    -4    -6     5    17    -9   -14   -11    -6    -5     2    23     2    28    33    15    10     4    10    10    -8    30    24    27
 1956    11     7   -18   -13    -9     1     1    18    -1    12     3     8     4    10     4    12    15    -6    20     7    -5   -10     5    28    11     3     6    -7
 1957    20    20    11     1     2    28    15    21    32    29    25    30    23    13    25    17     2    18     2     5    29     1    10    27    27    30    15    18
 1958    -2    10    -6     0     8     9    -5    -5   -12    -5    -2     3    -5     8    -5   -15   -20   -11    -4    -9    25    12    24    28    24    37    37    29
 1959   -25   -25    12    -9   -10   -29    -2     8     6    17   -20    15     6    17     2    17    18     1   -23   -25    12     5    21    -5    -5    10     7    32
 1960    26    20    20    18    31    28    17    25    20    16     8     5     2     4    20    28    18     8    -2     8    15    10    11    17     5    17    -2    12
 1961     7    10     5    -5     7     7    10     9    26    20    27    22    31    27    31    22    30    20     3     3    13    20    34    19    18    22    22    18
 1962     3     7    15    21     2   -12    -5    -6    15    -1    20    31    29    29    23    26    18    18    14    -4    15     9    -2    10    21    12    -9   -13
 1963    10     0   -17     6    14    30    26    15    15    17     2    -1    -5    -1   -12    12    26    26    25    -2   -15   -15   -10   -13     3   -23     5     1
 1964    22    16    14    17    22    20    14     3     8    13     7    30    27     8    26     8    25    20    27    20     9     3     4     0    17     6    -5    14
 1965    -6   -34   -22   -27     4    20    25     7    22    23    12    13   -18    -7    12   -14     0    16    15    25     3    -7     1     0     0     2    14    26
 1966    -9     0     4    -6    -1     8    13    36    43    32    25    22    18     6    12     5    -6     5    -9   -14   -10    -5     3    10    20    10    25    32
 1967    15     3    11    26    10   -14   -19     6    13    14    -3   -15     0    18     5    -9     0    10    15    -2    -5    10    -2   -14   -24    -3    29    12
 1968    31    24    10    28    18    23    18     6     2    -5    -4     6     1     5    15    11    -2     1     7     8    -6    -7    -2     0     5    27    23    14
 1969   -13     8    -9   -13    -5    20    22    27    19    22    14     6   -12    -8    20    19    15    15    16    -1    27    30    32    32    30    20    21    25
 1970    16   -10   -17   -12     0     2    30    31    20    16    22     4    -6    -9     8    -5    13    16    -5    -6    13    25    14    25     6     6    10    10
 1971    -6   -23    10    20    12    -4   -25   -33   -24     4     5    11   -19     3    21    24    20    30    35    27    18    25    24    15     8    27    26    18
 1972     8    16    -4    -8    -8    -1   -20    -8   -18     4     3    12    21    23     6     0    18    10     2     6    10    -5    15    11    12    -4    17    20
 1973    32    26    20    29    28    29     7    -1     2     2    14    18    27    27     4   -10   -11    15    30    11     9    16    21    26    21    14    23    28
 1974     4    10    -6   -13    14    10    -7    -7    -5    13     1    16    24    14     6    18    12    33    18    29    32    15     2    -2    -6     9    27    25
 1975    16    12    17    26    16    -7    -8    -3   -23    -6     8     6    -6    12    21    25    25    20     1    11    21    26    17    25    25    18     9     4
 1976     3   -12     3    -4     1    -2     3    22    27    34    21    31    25    19    36    31    29    30    25    25    26    12    11    27    27    30    32    25
 1977     2     3    13    10    -5   -13   -15    10    25    27    27    29    27    17     1    -3    22    17    12    14     8    24    29    24    23    22    21    15
 1978     0   -13     1     7    -3   -11   -11    -4    -2    -5    -1     9    16     9    -3    -8   -13    -6    -4     5    -1    -5    11    21    12     8     7    11
 1979   -13    -8   -10   -16   -26    -2   -16   -12   -19    -2    -3    10    13    15    16   -14   -16    -2    -5    18    19    10    20     2     1     4    12    18
 1980   -12     2    -1    -1    16     9     2     3    -4     5     2    -6    11    10    11    -3    -6    10    30    32    34    32    22    21     6     0    14     8
 1981    10   -10   -11    -4     0    16     5     1     4    -3   -19    -8     3    22    35    36    38    43    35    28    35    30    30    24    23    26    29    31
 1982   -13    12   -12   -20   -10   -19    -1    -1   -14   -17     0     2    14    18    27    29    21    29    29    29    23    25    30    21     9     9    18    22
 1983    10    22     9    -1     3     0    -6     8    22    27    24    26    31    32    32    32    30    30    35    34    34    32    29    24    14    22    32    33
 1984    10    26    24    14    -2   -13   -10     7    21    31    33    36    32    28    38    38    34    33    32    22    21    36    33    31    24    22    21    23
 1985   -16   -22    -7   -10     0    -7    -7   -15     5    16    14     2     4     1    -5    10    21    20     8    21    35    30    31    31    28    20    15    29
 1986    17    25    26    31    26    26    17     5    -9    -9   -10   -12    -8    -3    -7    14    10    23    28    14    -5    12     6     7    14    15    23     4
 1987    19    19    19    10    17    19    20    24     8    16    20    24    21    21    15    16    15    11    15    17    21    26    23    23    22    24    30    34
 1988     5    -8     9     1   -10    -7     4    -6   -15     4    -4   -17   -11    15    11    10     2    15    22    10   -12    27     8    10     0    14    26    19
 1989    14     6   -16   -12    -9    -8    -3    -3    -8     2     9    10    26     1     5    -1    12    12     1     8    15     3   -12     5     9    13     3    10
 1990    18    16    22    -1    28    19    17    27    21    19    23    24    22    12    17    18    -8    17    11     1    25    34    18     8    -9    15    21     8
 1991     1     8    32    27    19    17    26    17    17    19    12     3    24     9    -8    -5    17    29    26    20    21    24    15    10     3     5    10    17
 1992    17    19    25    26    18    29    19     7     2    22    17    15    25    29    29    30    34    31    30    26    20    23    25    31    22    17    28    35
 1993    23    17    13    11    17    17    27    27    25    30    21    19    21     2    -1     4   -12    -9    -4    15    20    15    -7   -22    -7   -10    -2    -4
 1994   -16    -9   -15   -18     1    -2   -12    -8   -11   -22   -13    20    -2     0    20     8    21    23    37    21    18    19    11    -3     4   -10   -14    17
 1995    26    25    29    10    -2   -11    10    -4    18    14    -8    -6     0     1    18    -2     5    31    25    29    19    24    24    20    28    22    23    15
 1996   -25   -34   -41   -36    -6   -15    20    34    16    29    27    22    19    27    12     2    18    -1    17    33    22    29    33    26    22    29    22     4
 1997    26    18    10    25    23    20    18    22    -9    20     8     5   -18    11    -9     9    17    40    22    21    33    17     8     9     5    31    29    26
 1998    28    15     9    21    11    10    11    12    26    29    33    23    21    30    32    34    35    34    33    32    27    28    39    42    32    45    33    28
 1999    33    27    33     8    13    20    20    20    27    28    26    13    10    22    25    29    20    22    15    20    11    11    24    20    22    26    34    33
 2000     1     1    19    23     5    13    11    -2    20    30     9     3    23    11    11    14     7    25    20     5    13    28    35    44    37    43    31    20
 2001     1   -13     2    22    13    19    11    25    18    -6   -13    18    19    14     4     9    -9    -7    23     8    -8     7    -4    21    23    10     3    -8
 2002    19     0     8    -1     8     8    15    19    33    33    17    30    12    33    32    34    19    33    39    31    27    13    32    31    26    15     6    15
 2003    28    28    29     2    -4     4   -15     9   -16     0    -6   -13    -7     2    12     3    -8    20    11    29    35    20     6     4    -9    -4     3     9
 2004    15    21     2   -12    15    20    16    -8    17     8     6    13     1    -6   -10   -10     0     9    18    20    29    19    19    32    30    15    22    28
 2005    29    31    21    17    27    38    20    17    19    13    22    19    30    32    31    21    10     4     4    30    21    20    14    14    25    15    29    23
 2006    32    24    24    12    13    12    16    14     6    23    18    17     8    24    21    16    -3   -24   -15     0     2    13    19    11    17     3    26    21
 2007   -08   -13   -10   -16   -26   -20   -17   -16   -14   -14    02    20    12   -13   -21   -14    13    06    16    23    17    21    18    24    25    27    22    18
 2008    11    23    19    25    30    23    03    18    18   -11   -06    04   -09    13   -12   -02    15    01   -14   -07   -17   -06   -12   -03    29    16    01   -03
 2009    21    09   -01   -15    00    02    11    14    23    41    28    31    19    17    10    05    27    24    04    02    15    01   -08    18    21    26    11    09
 2010    03    20    04    11    28    23    09    21    21    10   -11    07   -03   -07    17    19    19    03   -02    25    12    11    02    04   -08   -05    14    11
 2011    11    04   -17    05    01    21    17   -07   -09   -22   -11    08    18    35    29    23    36    26    14    25    25    15    24    25    13    04    13    09
 2012    29    26    29    27    24    26    24    09    10    18    05    09    09    28    21    24    20    20    13    21    31    24    20    26    12    18    22    19
 2013   -13    02    07    13    05   -01    30    25    16    28    26    17    14    31    13    06    06    22    03   -01    04    21    17   -02    23    21    28    28
