 1893   -99   -99   -99   -99   -99   -99   -99   -99   -99   -99   -99   -99   -99   -99   -99   -99   -99   -99   -99   -99   -99   -99   -99   -99   -99   -99   -99   -99   -99   -99   -99
 1894    30    22     6    12    16   -12   -16     5    -1     9     6    14    24    29    35    37    22    16    18    20    -3    -4   -15   -24    -1   -10    -7     0     1    -2     3
 1895     2     5     5    -9     5    18   -12    -1    11    15   -12   -12   -12    -7     2    -2    -7     9     8    22    -3   -10   -13     4     1   -17   -22     2   -21   -16    -9
 1896    -5     9   -17   -18   -16     3     7    15    19    22    28     4     3    -6    13     7     9     7    10    24     4    19    18    20    22    -8    12     5    25    35    31
 1897    43    24    21     8     7     3    10    10    21    17    10     0    12    24    21    28    26    -7     0    16     2    -2    -7   -28   -27   -23   -15    -7    -9   -13    12
 1898    -7     7     4     8    10    18    12    18     8     9    24    26    10    10     8     3     3     4    25    30    18     8    10     7    20     3     4    11     0     3     2
 1899   -15     3    19     3    -5     0    -7    -5    -2     5    12    25    28    22    20    15     8    -2    14    16    25    19    22    25    15     2   -13   -16   -21   -24   -21
 1900     2     3    -3    -2    18    12    26    15    26    18    22    21    25    28    27    25    28    22    15    14     7    28    28    27    -2    -5     3   -12    -8   -12   -17
 1901    -8    -8     2    15    25    29    16    10     8    21    21     2    15    22    19    14     0    -2    -1    19    22     5    25     6     5    21    15    12    10   -10     5
 1902    11     8    -3    -6    18    17    28    22    32    23    19     6     2    17    19    12    17    16     7    28    25    16    10    -6    -4    -6   -20   -30    -2    10     2
 1903    18    17    19    16     4    11    13    11     3    -4    -5    -7    -8     0    11    23    16    14     2    13     8    -6     8    -2    17    16    31    21    15    -5    10
 1904     2   -11   -23   -17     0     4    17    15     8    17    15    19     2     5     6     8     9     7    20    18    17     2   -13   -27   -28   -26   -31   -12   -27     5    -2
 1905    18    11    -8    -3    16    11     8    -7    -8   -17     1     4   -11   -14   -11    -6    -5    13     7     7     4    -7     6   -12   -13   -17    -1   -13    -3   -20   -16
 1906     0    20    27    12    11    12     0   -12    -6    -6    22     8    27    31    23     8     4    18    21    32     7    -2    -2     5    11     7    22    22    23     6     2
 1907    12    22    15     9    25    19    23     7     0     9    13    13    12     7     0    11    24    27    17    -4    -3    -8    -1     9    -7   -12    -5    -4    -1   -16    -2
 1908    -4    -2     8    20    -2    17    15    14     2    11    24    25    19    12    13     0    15     6    22    23    26    22    -1     2    10    18     1     2   -14     2    15
 1909     0     8    28    14   -10   -23   -15    -2    12    -2    -9     8     8    23    17    15    12     5    21    15    34    35    33    32    29    22    27    27    -4   -11    -9
 1910    15     7   -13   -14   -10   -24   -28    -8   -23   -12    10    25    24     2    -9     6    29    10     6    23    12    -2     8    -5    11    28    19    10    12    13    -8
 1911     9     0   -24   -23    -8   -19    -9     6   -14    15     3    13    10    -7    -8    -7     8    10    17    12    -1   -15    -5    24    34    35    20     7    16     3    22
 1912   -17   -20   -18   -16   -25   -23   -37    -9   -13   -21   -21   -37   -29     1   -18   -20     2     3   -20   -16   -13     4    12   -17     0    13   -12     5     2     3    -9
 1913    23    18    11     7     2    -1     2    -9     1     2    -1   -12     0   -11     3    28    18     8    18     2    -1    13    14    -3    18    19    12     1    12    22    -7
 1914    25    30    25    25    21    23    30    22    15    13    10    -5    12    21    25    30    27    32    34    16    10     2    22    11     8     6    22    33    10    14    16
 1915     3   -10     0     1     5    15    17     3    16    16    16    10    27    16    23    33    12     2    16    12     8   -16   -12    -9    -9    -8   -17   -31    -8    -5    20
 1916    30    12    12    22    -6    -7     2    15    26     5     2    -5   -26   -22    -5   -12   -10    -4    -2    17    30    24    18    27    24    32    10     4    19     3    -3
 1917     8    -3    -3     9     7     7     1     1    15    15   -14   -14   -16   -18   -21   -17   -17     5     2     2     9    -7   -21    -5   -12   -24   -24     7    17     6     7
 1918     0    10     3    10    13    20     7   -11   -12    -5   -11   -15   -10   -10   -12   -10     1   -14   -14   -16   -16     1   -14    -2    12     1    -4     0   -17   -17   -22
 1919     0   -15   -18   -31   -16    -4    -5     8     6    12    12    26    30    21    10    25    29    25    20    30    32    34    30    31    32    25    23    21    15    25    17
 1920   -11   -14    -7   -24   -12    16    19    10    -8     2     0     0    13    10    11    10     1    -1     5     5   -12   -15    10     5   -19    14     2   -11    11    15     4
 1921    25    20    18    32    22    22    27    17     8    20    11    -1     7    12    -2     5    -4    11    25    30    32    31    25    21    20     8    17    24    20    26    19
 1922    12    13    22    20    -9   -28   -10    15    18     9     8   -17    -4    -4     2    -2     5    11    -8     1    15   -16   -13   -27    -5    15    10     0    14    24    24
 1923     7    20    16    21     9    -4    20    25    14    10    14     8     8    30    18    10     9    12    11     7     8     2    12    16     5    22    24    12     4    30    22
 1924   -19    -4   -16   -21   -28   -21     8    19    31    17     8    -3   -18   -24    10   -14   -29    -2    -5   -18   -28    -2    12    13   -12   -12   -12    14    17    14    25
 1925     7    17    10    11    12    19    19    -1    14     8    13    12   -10   -20     1     4   -10    13    11    10     7    10    10    21    24   -10   -19    10    13     7     4
 1926    20    18    11    30    23    19    -5    -5    10    10    -5   -17    -2    13     1    18    15     5    18     4   -10   -16    -9    -7     1     7   -11   -19    -6    28    29
 1927    18    29    26    34    24    22    22    22    14    -4    -9    11     4    -7   -18     3    10    -4     0   -13     1   -13    -8    -3     1   -13    -2    20    30    20    17
 1928    -6   -16    -6    10     5    30    31    21    25    31    31    31    32    32    21    21    21    29     9     1     0    15    12    12    12    -2    -4    -9     5     5    -4
 1929    -2    -2     4    -9     6   -10   -18   -15    10     5   -10   -13   -22   -21   -29    -9     9     8   -16    -7     1    -1   -14    -5   -10   -13     1   -20    -2    -8   -10
 1930    23    15     4    17    32     4    -7    -1    -1   -17    -2     9    -1    10     0   -12   -26   -30   -10   -15   -21   -37   -17    -2   -17   -31   -10    -1   -24     4   -22
 1931     6    23    15    15    19    17    20    24    15    13    24    14     5    -2     0    16    23    23    15     0   -15    -1     5    25    22    10    28    20    28    32    25
 1932    23    18     4     6    25    20    14    10   -11    11    20    34    27    16    12     8    24    12     4    19    28    21    15     2    14    30    14    24     0   -13   -16
 1933    11    18    27    17    15    25    21    19    19    35     4    10    12    -9    27    31    11    15    16     9    20    34    23    27    33    24    22    14    18    27    19
 1934    11    18    27    17    15    25    21    19    19    35     4    10    12    -9    27    31    11    15    16     9    20    34    23    27    33    24    22    14    18    27    19
 1935   -10    11    -3   -13    20    20    32    32    30    22    14    13     2   -10    -8     5     2    -8    12    -6   -20   -14   -29   -20     5    10   -13    12    18    18    26
 1936    30    31    30     8     1    19     1    14    16    -3    20    22    -1    16     3     3     3     0   -18   -20    -7   -30   -26   -32   -30   -21   -14   -17    -9   -13   -20
 1937    12    23     0     0    -5     9     2    -9   -22   -28    -5    -5    13     1   -10   -14    10   -10   -18    11   -11   -20   -30    -5    -7   -20     2    10     0    12   -11
 1938    11     1     7    12    14     7    -2    -9     0    13    11    16     1    12     2    24    26    21    24    30    22    33    25    20     0    -4    -8    -8    13    -6   -14
 1939    10    18    23    28    22    27    25    20    37    31    18    24    26    21    18    -1     9    18    14    11    21    -5     0    15     1     9     2    30    25    14     4
 1940    -2    -4    -1    -6   -10    -6     6    13    15    13    25    -2    12    16    -2    -4   -13   -22   -11    -2     0    -5   -11    -3   -17    -5   -10   -10     2    11    11
 1941    32    22     6    -2    -2    -6     8    26     3    14    22    19    20    24    25    28    15    -4    -3    13    14    20     8     6    22    18    21     8    -7    22    -1
 1942    16   -16   -16   -36   -26   -21   -35   -27    -9   -30    -5    22     3    21    11     5    27    31    14    18    17    15    17    23    21    20    24    15    28    30    17
 1943    25    24    18    -9   -20    -4    14   -12    17    24    15     1   -15    12    -8    13   -13    -8   -27   -26    -6     8     4    -1   -13   -24    -3     4     6    17     4
 1944    17    15    11    19    20     3    -5   -15    -2     1    -2    -3    -8    12     9    13     9    20    25     5    25    18     7    22    35    45    37    27    22    19    26
 1945    -3   -23    -7   -21    -5     1    15     0   -24   -26    -1    23    20    20    21   -17     2    23    23    25    23    21     9     4     2    -4    -6    -9   -12    -3   -24
 1946   -18    10    15    21    34    27    23    20    24    12    18     5   -11     9     0    -7     7    16    10     8    -8   -15    23     5     4   -22   -16    12     9    30    -3
 1947   -27     4    -2   -29     5     3    15    12    -2    24    20     8    24    26    16    -2    16    13    24    23    -9    -8    15    26    23    28    28    15    21    15   -13
 1948     8     4     5    18    10     9     8    18    19    16    19    11    -4   -11     3   -18   -20   -16   -14     7    -4   -13   -19   -16    -1    -8   -17   -15     0     0    -4
 1949    -5    15    23    34    15    14    26    21    12    12    19    20    19    16    32     6    11    10    -5   -21   -13   -23    10    11     5    10    10    -3   -20   -24    -5
 1950    35    36    16    -4   -10    -3     1     4    23     9     0    25    32    -2    -2    -4     5    -1    -5     1    11    21    24    20     8   -15   -30    15    -7   -25   -19
 1951    21    13    -8     9     8    -6   -32   -11     4     3   -12    -9    28    18    10     0    15    20     7    12    -7    -9    10     3    -6    -5     5   -13   -26   -43   -10
 1952    -2    -9    -5     1    17    12     6    23    17    13    14     5     5    23    25    23    22    15    32    -1     2    16    -7   -20     2    13    -2    -5   -21   -15    25
 1953    27    19    16    19    -2   -17   -15     6    21     9     9     3    19    23    12    -5     7    15    11    15    27    31    28    11    17    14    18     6    -9    14     8
 1954    25    24    18    23    13    17    13    20     6    -3     2   -11    -9    17     6    -6   -20     4     3     0   -17    -9    16    10     5    12     5   -11     8    -2    -9
 1955    20    12    29    22    29    11     9    27    23    15    22    16     7    17    18    10     1    15     9    12    19     5    -1     8    -6    -7   -23    -7   -10   -18    10
 1956     1    30     6    -5     3     5     3    -8     1     9    18    -3    -4    19    16    10    11    20    13   -12   -27   -27   -25    -9    22     7    20    29     4    -1   -15
 1957     2    -1    19    16     6    13    18    13     3    -9    -2     1    -5   -13    -4    -8    -3    -7    -2    29    33    10    -2    13     3   -19    -6     4    -1   -19    -4
 1958    -8    -8   -16   -10    15    13     0     8     9    22    10    22    31    32    31    30    27    18    22    22     5     0     5    20    18    25    24    20    12    16    -6
 1959    18     3    -6   -17   -20     2    11    -1    -2    -3    14     7    12    33     2    -6   -10   -10     0    -8     3    -7   -25     1     5    -9   -20    14    33     6   -20
 1960    26    26     4    -9   -10    -1    24    15    19    22    18    33    34    33    20     5    10    18    10    -2    -5     4     2     1    12     9    15    22    22    21    23
 1961    21     8    -4     0    -1    15    26     6     1     6     7    19    28    20    25    21    29    21    11     2    -9    -9   -11   -15   -13     5   -12     4   -10    -5     8
 1962    -2    16    20    26    15    12     8    -2   -13   -13   -12    15    23    18     0    -8   -15   -19    -6   -22     0   -10    -8    12    21    25     0    10    15     2    -8
 1963    17    22    23    23    23    20    25    20    31    18    12     2   -15   -17   -39   -28   -18    -5   -10   -22   -25   -12   -26   -10   -22   -25   -11   -25     3   -13   -15
 1964    12    18    30    15    20    16    10    30     5    -5     7     6   -12     1    -5    20    18    15    27    18    22    36    23    24     6    10    -1    -4    17    25    26
 1965    32    20    -2    17    18    23    35     5    -5     0     9     2   -15   -16     1   -17    -5     7     6     7     5    22    18    10    17     9    -5   -18   -30   -26   -21
 1966    17    14     0    15    18     5    -9   -15    13     0    -5    13    12    15    12     6    -8     5    -9    -7    -2     4   -17    -9    -6    -7   -12   -18   -26   -18   -10
 1967    18    21    -3    -4    14    22    18    -8     0    12    -7    21    29    17    -7    -1   -15   -35     0     5    18    17    32    27    15    15    11     9    22    22    23
 1968   -12     2   -14   -13   -14   -13   -20   -11     9    -8     9    18    20    11    13     1    19    30    16    25    17    27    15     5    20    31    31    34    22    11    29
 1969   -16    -6   -11   -18   -10    10    -9     4    -3   -13   -18   -18    13    19    23    32    21    22     5    22    31    32     8    -3    -4   -12     3    23    25     7   -15
 1970    11    -2    -8    -7   -20   -24   -24   -19    -4   -15    15    -6   -10    11    17     2    -3   -23   -31   -17   -32   -20     8     2    23    16     7    30    13    10     9
 1971     9     9    11     6    -9   -29   -31   -25    18     7     5     2    14     3   -10   -10     6   -18   -16   -19    21    11     6     1    13    -5   -15   -16     3    -9   -12
 1972    22     4     3   -10   -20     3    19    18    23    29    19    12    -1   -21   -28   -21    16    33     2     8    -3    10     0     6   -16   -13   -10   -17    -7   -17    -1
 1973     9     8    24    -5   -15   -17   -12    -4   -18   -12    -5    -1    12    12    33    30    39    43    21    14    20    28    13    10    26    30    31    15    13    13    22
 1974   -24   -16    -2    -5    -1    -1   -13   -13   -15    -2    -8   -25    -9    12    18    16    27    32    28    28    30    28    15    20    24    33    12    16    24    30    -2
 1975    14     6    14     3     3    21    15    23    23    34     1    -7    -9   -11    12     4     8     8     3   -13    11    -4    11    27    21    12    14     9     9     6     1
 1976    19    14    -3   -10    -2    10   -13   -15    -9     4     5    10    18     6     8    -2   -13    -8    14    -5    18     8    16    20    21     0    -7     5     8    12    10
 1977    -8     0     7   -10    -5     1   -15   -13   -26   -13   -26   -23    -6    -8   -20   -26   -23    -8   -10     8     1   -10    13    12    15     0   -12   -19    -9    -5    -5
 1978    -5   -11   -10    10    11    26    30    -7   -17   -19   -11    -5     6     9   -13   -10   -13     0     7    -7    -9    -2    14    11    -1    -4   -11    -7   -12   -13    -9
 1979    -9   -25   -18   -14   -20   -13   -12   -20    -5   -14   -25    -1     5   -21   -22   -21    -1   -10    11    20    12     4    11    -6   -12     7    13    16     3    -4    -4
 1980    25    24    17    20    20    18     0    -6   -12     0     5    -2    20    18    32    34    28    24    22    12    17     9    -3     5     7    -6    -8    -2    -7    -2    -2
 1981    24     1    -4   -10     0    14    -3     0    -2    -6    -3     1    15    16     3     2     0    24    24    20    18    23    23    28    39    30    17     6     4     2    15
 1982     4     2     7    11     2    -1   -23   -15   -21   -29   -13    -8     0   -12   -12   -22   -23     0    14     8    14    15    -2   -18   -11   -20     3     1     3    15    -6
 1983    22    17    12    24    24    28    19    18    24    32    15     3    16    24    11     5     9     0    10    20    25    25    28    25    10     5    -4    19    31    13     4
 1984    12    18    15    27    24    26    25    16    16    -7    -4    10    14    10    -4     7    -7   -18   -14   -23   -17    -5    24    19    17    24     4    21    12     9     6
 1985     4   -11    -5     6    17    25    27    10    14    15     5    -2    10     8    -5     4     2     3   -20   -27    -8    10    12    20    -4    -8    12    -3     5    -3   -22
 1986     9    15    17     0    -4   -20   -14   -14    18    26    24    10     7     6    18    18    29    29    24    29    12     0     5    18     2   -16   -11     1     1     5    21
 1987    22    24    13    17    24    30    28    25    14    24    16    16    19    20    14     4    13     4    -4     7    15     9   -14   -13    -5    -8    20    18    25    28     5
 1988   -15   -16    -4   -11   -21   -33   -33   -12   -26   -29    10    17   -13   -17    18    25    24    27    30    27    23    17    -6    -1    -3   -11   -24    -6    12    37    20
 1989    13     2    11     2    16    25    29     1    -4     6    12     8     5    24    26    11    23    22    17    22    14    30    24    28    31    13    16    29    25    27    35
 1990    18    19    33    19     8    19    18    23    29    17    31    17     7    21    16    22    33    22    11    22    21    21    20    23    19    -2    23     4    20    14     0
 1991    13     1   -23   -22     4   -13   -16     8     8    12    20    16    15    13    25    18    19     2    26     6    -8   -21     8   -15   -22   -12     9    15     3   -22    -9
 1992    27    29    32    30    30    30    27    32    21    11    21    33    22     7    -7    -9     5    -8    -9    11    12    28    16     4    16     1     8    -2    21    24    33
 1993   -11     5    25    12     8     3     2    -1    12    10     9    22    22     9    -5     2     3   -19   -12    -8    31    26    25     8    -6     9    11    15    -6     5    26
 1994    23    19    14    15     6     7   -16   -12   -18    10     2    13     0   -20   -25   -23   -15   -27   -31   -36   -17    -1    10     6    20    15    15    17    15   -20   -33
 1995     8     5    -2    -8    -4    15   -11    -5     0    14    23    32    30    25    14    21    29    15    18    17    15    13    13    -8     6    -6     8    24    -1    18    14
 1996    27    16    -8    14    -8    -9    -9    -4    18     5    23    24    28    15     7    20    15     3   -16   -12     3    16     7    -3   -13     4     0   -16    -7   -17   -37
 1997    22    31    29    34     7     2    -3    12    22     5    -9   -13    -4    -8    12    -8   -13    -8     9    13    24    15    11    21    -5   -11     4   -20    -5    -2    15
 1998     4    24    28    25    29    32    30    27    11     1     1     6   -10     3    -9    21    14     1    12     5    24    25    24    20    12    20    26    28    22    18    25
 1999    -4     8     7   -10   -24     2   -26    -1   -23   -11    -8     6     0     8    14    14    11    20    16    16    17    32    31    22     3     2    29    26    15    13    22
 2000    22    23    27    16     5    25     4    21    21    32    17    19     5     1    22    12    19    21    12   -17   -21     5    11   -17     7   -13   -15   -12    -2    19     2
 2001    14   -11     6     4    29    12    19     0    -7    10    27    33    33    31    27    15    11    12    12   -14    -5    -4     8    10    -6    15    -2    -2    14    32    25
 2002     2    11    -4    18    25    20     5    23    31    26    24    25    19    30    25    21    -2    -2    -1    10    24    26    24    17    22    24    30    30    26    26    24
 2003    14    22     6    19    19    23    21    25    30    12    -2     0     6    -6    -6     8    -3     4    -5     3    -7    -7   -12    -6     7    -6   -10    18     3    10    30
 2004    16    21    18    14     2    -6     6     6     7    13    24    21    26    15     6    23    29     0    -4     9    18    -8     1     1    12    16     5    -7   -11   -20   -21
 2005    18    24    17    20    13    12    -3    15    11     6    18    26     8   -14   -18   -16   -18   -13    20    20    20     8     9    -4    12    27    -5     7    18    18    29
 2006    28    34    33    30    28    25    21    25    28    10    21    25    27    16    29    28    19    14    26    27    12    24     7    25    17    15    39    23    35    29    27
 2007    26    20    31    37    31    28    27    18    20    11    20    15     9    18    16   -10   -10    13     6   -07    15    14    12    10     2    18    13   -02     0   -01   -08
 2008    05   -02   -06    07    29    35    31    29    17    29    21    22    20    06    00    18    06   -08   -20   -25   -02   -08   -09   -27   -16    13   -05    19   -02   -11   -01
 2009    05    05    03    06   -08    01    04   -02    03    08   -04   -03   -09   -07   -25   -34   -02   -02   -05    00    07   -03    06   -14   -10   -03   -09   -15    05   -11    07
 2010   -08   -14   -24   -05   -06   -11    12    03   -17   -13    09   -04    13    17    24    19    21    14    09    09    27    28    30    30    18    06    01   -02   -10   -03    01
 2011    02   -01    14   -02   -05    12    12    04   -11    12    20    16   -07    12    12   -06    13    15    03    02   -23   -01   -20   -03    16    14    17    20    27    21    17
 2012    28    17    08    16    19    24    27    14    21    20    21    11    11   -10    14    21    15   -06   -07   -08   -18    13    25    20    20    18    10    10    17    12    23
 2013   -11    00    13    04    03    12    05    08    25    14    33    19    07    04    07    20    11    15    27    03   -07   -08    04   -03    11    00    23    31    32    19    02