 1893   -99   -99   -99   -99   -99   -99   -99   -99   -99   -99   -99   -99   -99   -99   -99   -99   -99    55    68    65    65    52    53    63    57    53    56    54    59    63
 1894    47    50    62    45    42    36    41    47    58    57    63    58    65    61    63    65    59    64    52    66    61    63    67    63    58    54    59    65    57    65
 1895    67    68    56    56    52    45    60    57    61    65    69    55    56    51    55    59    66    59    49    51    54    52    53    54    65    47    46    41    40    48
 1896    44    41    54    57    60    62    64    58    46    48    46    53    57    60    48    62    61    64    67    69    63    63    64    58    64    53    54    57    59    55
 1897    29    47    46    45    47    40    36    32    53    52    55    48    65    68    67    68    70    63    63    64    50    57    62    53    50    47    56    62    67    64
 1898    58    44    65    66    67    58    60    55    61    63    61    60    58    57    53    57    56    62    52    54    58    54    63    75    62    57    52    45    68    62
 1899    53    52    62    70    65    68    58    50    56    58    55    62    63    60    50    42    52    59    62    60    58    62    56    52    53    62    63    64    54    50
 1900    60    49    48    50    50    69    60    49    46    59    48    47    57    49    57    55    60    40    59    50    67    60    59    55    59    60    64    59    53    53
 1901    44    38    48    64    62    48    38    32    42    55    67    65    59    58    64    67    58    53    54    55    59    64    54    63    72    73    70    66    58    65
 1902    66    69    60    53    53    63    53    50    55    65    62    61    62    64    58    52    48    56    48    49    44    41    47    57    55    47    50    53    52    53
 1903    48    56    53    58    60    52    57    53    48    49    43    39    42    51    53    59    46    52    57    53    52    56    52    46    49    52    53    62    57    68
 1904    53    57    61    63    57    52    50    44    48    47    55    53    57    47    57    47    53    58    62    61    58    48    60    63    64    52    50    53    60    61
 1905    51    52    50    70    75    64    53    45    58    64    58    53    57    65    60    65    61    55    57    58    57    48    55    64    69    58    50    53    62    60
 1906    48    44    47    63    62    60    62    59    59    58    49    48    42    53    60    55    57    61    59    57    53    53    48    53    63    55    63    67    70    61
 1907    42    41    53    50    48    42    52    46    52    58    53    54    48    49    58    59    68    63    57    59    57    67    65    62    60    50    48    48    47    65
 1908    39    44    53    52    52    62    64    55    47    49    48    50    57    42    36    47    50    59    57    56    53    57    65    58    57    54    58    56    54    53
 1909   -99   -99   -99   -99   -99   -99   -99   -99   -99   -99   -99   -99   -99   -99   -99   -99   -99   -99   -99   -99   -99   -99   -99   -99   -99   -99   -99   -99   -99   -99
 1910    47    44    41    48    47    48    38    44    54    50    43    45    50    52    53    56    65    68    56    55    56    65    62    65    61    64    65    60    60    59
 1911    51    62    63    65    60    59    53    58    73    72    60    58    55    59    52    62    63    53    59    58    63    68    65    67    68    72    57    43    62    75
 1912    54    47    48    47    44    44    36    45    38    43    61    55    49    53    55    52    42    44    52    47    43    47    47    50    52    50    52    53    58    64
 1913    62    47    52    47    59    51    40    38    35    42    45    51    63    64    67    68    64    68    71    65    58    53    68    69    73    74    71    74    72    76
 1914    53    48    60    68    58    62    69    68    70    60    60    65    59    59    60    45    42    58    53    48    64    63    64    63    67    65    63    53    50    57
 1915    40    47    45    53    58    65    48    45    42    48    51    58    50    41    46    46    37    54    50    46    53    53    47    52    54    56    60    62    60    55
 1916    60    56    48    54    54    51    49    49    48    49    48    52    58    56    48    53    50    46    45    50    47    51    60    54    48    62    52    54    63    64
 1917    42    46    42    57    54    54    48    48    56    52    59    58    52    45    39    39    53    63    54    46    58    49    53    53    62    62    57    60    54    60
 1918    60    57    55    58    59    57    44    47    55    64    66    59    54    59    58    60    69    56    55    56    57    46    49    56    61    59    59    59    52    52
 1919    64    59    56    64    54    51    53    53    53    63    64    67    67    65    67    68    67    67    66    66    67    68    68    69    64    65    63    50    52    60
 1920    62    56    48    52    46    47    59    53    63    68    70    71    70    68    67    58    46    44    48    53    50    54    56    48    58    64    70    72    68    58
 1921   -99   -99   -99   -99   -99   -99   -99   -99   -99   -99   -99   -99   -99    63    64    69    72    68    65    70    62    61    61    63    65    64    66    64    68    70
 1922    38    53    41    48    50    58    66    65    65    67    58    60    56    65    69    64    63    61    58    54    55    59    67    65    55    46    53    53    50    65
 1923    55    62    62    64    64    63    53    43    50    54    53    54    53    60    62    58    63    62    68    67    71    71    70    68    69    60    64    52    44    46
 1924    46    42    43    43    47    44    47    46    50    49    54    59    58    57    61    58    61    55    67    59    53    64    50    53    47    46    46    56    41    40
 1925    64    56    62    61    68    66    62    55    53    41    43    58    52    56    64    50    60    56    59    53    53    63    55    53    51    56    50    39    41    44
 1926    45    44    32    35    35    55    51    49    40    45    57    56    59    50    44    49    49    46    40    48    55    43    43    49    40    34    35    55    56    45
 1927    50    51    46    52    40    42    52    58    62    55    46    40    47    46    37    48    55    49    51    61    64    57    45    54    64    49    53    63    63    71
 1928    53    38    35    44    50    48    48    53    49    32    46    63    56    49    45    51    60    60    60    53    53    50    53    51    48    41    45    54    51    52
 1929    52    49    39    41    46    46    47    39    49    64    64    59    51    47    46    66    70    72    55    60    53    55    51    51    44    46    60    54    46    74
 1930    53    56    59    64    60    50    42    38    44    45    52    55    58    57    63    56    54    54    54    50    56    64    67    55    62    51    50    54    59    55
 1931    54    55    56    52    54    49    48    37    54    63    63    62    60    53    61    50    56    66    69    61    68    63    67    65    70    74    68    72    74    72
 1932    61    58    58    62    66    66    62    58    53    54    55    55    55    58    57    58    64    58    54    60    55    63    56    52    68    69    56    51    65    57
 1933    49    62    59    65    64    64    78    70    50    67    64    54    39    36    58    63    59    59    62    67    67    60    63    63    69    64    70    68    65    65
 1934    49    62    59    65    64    64    78    70    50    67    64    54    39    36    58    63    59    59    62    67    67    60    63    63    69    64    70    68    65    65
 1935    56    57    54    47    42    45    35    45    47    56    51    57    59    66    58    69    61    48    46    45    50    50    48    56    61    52    54    62    52    66
 1936    62    49    45    42    47    56    56    49    62    50    42    43    49    61    54    55    61    50    54    62    55    55    47    47    62    69    64    63    62    64
 1937    59    59    49    57    59    49    46    49    35    43    44    50    56    57    55    59    57    59    62    66    57    58    63    76    73    62    54    56    56    47
 1938    62    52    57    54    48    61    46    44    52    62    55    49    51    62    62    57    57    50    53    57    58    68    65    66    65    38    49    51    54    60
 1939    67    63    53    50    59    66    72    58    60    55    50    46    45    43    61    61    66    64    64    55    64    62    53    62    60    66    61    60    60    55
 1940    44    62    61    68    56    62    64    62    56    56    55    60    55    64    55    54    63    71    51    46    46    67    66    56    53    53    45    58    48    56
 1941    60    60    55    52    52    65    56    50    49    53    54    55    55    54    46    42    46    54    59    61    62    65    57    57    60    64    67    66    64    62
 1942    60    60    60    59    64    62    60    50    54    64    65    60    46    64    39    43    55    51    51    59    47    43    44    37    52    55    59    68    62    55
 1943    62    62    70    49    47    55    50    54    48    55    48    68    53    71    63    62    52    52    68    70    71    63    65    62    70    73    68    65    46    37
 1944    64    61    63    70    57    42    39    48    51    52    56    61    69    56    61    60    63    66    50    40    53    66    63    52    63    65    72    61    51    48
 1945    50    45    38    29    32    43    49    53    54    56    53    46    51    67    57    55    50    44    43    46    50    47    50    69    57    60    58    63    57    57
 1946    37    34    27    30    37    56    64    51    45    52    67    54    50    49    59    66    65    56    50    47    46    43    61    61    59    50    55    59    58    64
 1947    52    43    42    52    59    50    56    50    58    56    45    41    44    43    44    39    54    45    48    47    56    61    63    47    54    45    64    63    59    55
 1948    37    40    44    50    51    51    52    48    44    46    51    50    41    48    52    48    48    48    48    38    52    63    63    54    50    59    53    58    53    48
 1949    66    62    52    54    41    51    42    46    44    56    56    51    62    60    50    53    60    61    72    72    68    56    64    61    65    65    62    68    56    70
 1950    43    54    41    38    46    60    58    68    59    51    45    50    59    62    64    61    44    44    50    51    48    65    64    60    60    52    46    46    42    51
 1951    63    54    50    38    37    42    43    57    53    46    57    49    49    49    53    60    60    59    58    58    56    56    60    64    49    60    54    52    49    49
 1952    40    54    56    53    59    60    63    73    49    50    58    59    67    65    67    73    51    61    49    52    55    58    53    63    69    64    66    68    64    59
 1953    55    44    57    62    56    49    47    58    52    60    63    64    65    59    61    63    58    69    78    75    55    56    55    58    62    49    61    63    55    77
 1954    48    42    49    38    43    60    68    47    61    67    69    66    59    65    67    66    59    66    68    63    67    59    53    68    75    72    62    60    68    60
 1955    57    60    63    62    55    60    55    53    46    40    56    47    48    44    48    46    56    57    56    54    51    56    48    47    52    43    46    51    65    68
 1956    45    37    41    45    53    61    65    55    52    58    68    59    63    68    66    70    68    70    67    65    63    65    58    58    56    63    55    47    57    67
 1957    55    38    50    48    60    59    54    54    58    64    64    52    63    66    53    63    63    65    56    60    69    67    56    54    41    54    47    58    54    53
 1958    54    51    55    58    58    40    51    61    58    60    43    45    58    40    54    41    53    54    54    57    44    44    46    50    50    53    47    50    67    67
 1959    55    45    50    56    57    57    58    57    62    61    62    58    52    44    57    64    62    58    58    53    53    51    42    55    66    64    72    68    53    53
 1960    60    44    49    51    48    45    40    41    46    58    59    59    58    47    57    55    40    60    57    55    56    60    60    52    46    59    65    63    61    60
 1961    67    52    45    45    48    60    60    61    58    65    62    63    63    58    46    40    44    51    60    41    43    63    49    46    42    45    62    65    65    65
 1962    48    49    46    55    54    58    57    58    62    61    56    46    45    45    50    65    67    64    58    53    53    58    59    54    57    52    55    64    63    61
 1963    50    62    61    61    62    67    66    68    64    69    50    46    58    53    49    54    47    49    62    52    40    45    46    52    64    68    66    56    68    65
 1964    36    50    43    40    45    49    51    63    70    57    53    60    58    56    62    48    55    70    62    64    63    64    64    56    59    67    60    61    61    65
 1965    62    60    57    58    62    61    53    63    46    56    55    57    53    51    47    48    43    45    48    63    46    60    68    48    50    58    69    64    58    56
 1966    41    49    59    64    59    60    50    56    48    40    53    61    58    54    47    47    47    47    53    65    68    60    61    65    74    66    56    63    65    65
 1967    48    41    44    50    64    57    58    61    63    62    65    67    66    69    66    65    63    57    61    53    65    52    65    50    45    49    61    56    61    60
 1968    55    48    48    62    64    66    64    66    65    64    64    55    48    65    48    52    49    60    55    55    72    53    63    64    57    50    48    45    61    73
 1969    50    42    40    47    46    50    50    51    41    46    61    51    37    48    40    43    55    57    55    47    45    52    52    57    62    65    61    59    62    59
 1970    60    56    46    41    55    46    55    63    66    69    61    64    62    69    65    63    61    63    45    55    48    51    55    58    49    55    49    65    69    72
 1971    54    55    51    62    67    61    60    48    54    57    65    64    61    58    60    62    65    69    67    66    55    63    57    57    62    62    73    74    73    66
 1972    47    61    63    58    56    59    59    61    59    38    41    64    61    63    54    45    44    54    61    54    42    47    42    44    55    55    63    59    56    59
 1973    56    61    60    59    57    52    62    66    56    66    71    64    51    56    67    70    67    59    59    56    55    52    57    55    62    62    62    57    54    54
 1974    46    44    54    58    62    63    56    47    49    53    51    46    53    55    55    47    48    50    60    59    62    58    48    49    57    49    55    58    57    58
 1975    47    45    49    56    54    55    48    46    54    59    59    54    58    53    53    54    58    56    65    71    71    66    64    66    66    69    64    68    67    70
 1976    56    50    48    50    56    59    61    64    65    63    64    71    61    59    63    52    58    56    46    51    53    58    57    58    54    64    61    60    56    53
 1977    54    47    51    65    63    54    49    53    44    52    62    56    52    51    55    62    62    59    55    53    51    60    61    65    60    62    67    67    55    61
 1978    59    47    52    52    50    49    61    40    49    69    61    56    47    55    60    65    65    55    55    60    49    49    60    67    61    69    61    60    65    66
 1979    41    51    52    59    56    55    65    58    56    51    51    57    55    63    67    70    55    55    56    59    63    55    53    51    50    59    62    56    61    58
 1980    59    52    54    60    59    60    64    45    53    48    46    57    65    61    49    48    52    59    51    47    59    63    64    62    64    70    68    62    57    50
 1981    56    63    53    51    61    57    58    56    54    53    57    58    62    74    62    54    53    63    52    55    58    54    49    62    56    55    59    69    69    59
 1982    41    44    48    42    47    53    58    51    60    47    46    51    49    59    60    47    59    55    46    54    47    45    52    60    60    53    61    58    58    52
 1983    43    53    55    48    47    42    48    51    56    57    61    59    66    65    56    48    50    57    55    59    69    69    69    65    67    68    66    59    59    64
 1984    60    56    49    56    67    68    69    63    60    59    49    67    64    56    55    59    65    66    56    61    60    67    60    55    56    55    59    59    55    55
 1985    49    44    43    49    48    48    55    65    62    54    51    43    45    56    59    53    53    50    51    50    61    55    60    55    62    71    67    54    58    57
 1986    57    47    44    58    57    60    64    53    53    66    57    50    53    54    58    63    47    59    60    66    69    64    55    54    51    71    71    61    59    55
 1987    59    55    48    40    53    61    63    67    53    51    62    58    57    60    63    53    61    63    69    68    67    64    62    65    63    54    47    57    62    55
 1988    54    58    55    46    49    50    50    57    41    39    43    50    62    68    61    48    51    59    68    67    66    73    58    63    76    59    51    54    55    42
 1989    56    48    59    44    43    57    63    59    46    40    55    60    46    49    43    41    44    56    51    55    66    69    62    52    63    62    60    53    58    55
 1990    63    58    44    37    48    46    44    55    58    50    59    71    67    62    59    64    64    63    60    62    55    59    58    51    58    64    64    67    68    67
 1991    64    60    65    55    50    48    50    52    67    64    55    60    66    65    61    56    52    55    57    68    67    56    56    56    59    72    75    72    74    71
 1992    47    52    46    49    45    59    44    50    56    51    52    54    55    56    61    61    64    61    54    45    37    49    54    52    52    48    40    48    57    59
 1993    33    47    40    49    39    46    58    57    55    52    52    57    66    56    55    52    64    64    63    59    52    55    64    65    50    52    52    55    54    58
 1994    44    53    40    43    57    56    63    49    41    55    51    51    61    69    75    72    70    68    67    67    68    53    60    58    54    58    56    63    63    54
 1995    58    59    51    54    59    64    58    46    52    60    48    45    46    52    53    64    71    67    61    60    62    66    64    63    61    64    62    64    61    58
 1996    56    53    53    48    38    49    55    54    49    61    57    55    62    53    54    67    68    62    60    60    60    57    56    60    52    60    58    66    75    65
 1997    44    44    47    56    56    52    50    52    45    48    55    53    54    56    62    55    46    55    54    70    66    61    66    75    66    54    56    71    63    66
 1998    44    50    45    37    48    47    37    47    54    54    58    54    56    58    59    60    58    69    58    58    63    58    58    65    76    63    67    69    61    63
 1999    51    52    75    68    62    74    67    59    64    65    66    61    60    53    40    47    42    44    56    58    55    65    67    56    57    60    67    61    47    58
 2000    62    51    46    55    48    43    48    57    57    72    65    57    58    60    55    58    42    49    56    68    57    59    54    59    55    62    49    56    50    53
 2001    43    47    40    44    48    54    55    49    52    53    58    67    66    65    62    53    52    65    57    49    49    51    46    52    67    69    64    60    61    68
 2002    52    56    50    54    51    46    54    65    57    65    65    64    56    51    49    45    52    56    67    69    64    66    71    62    67    65    58    62    64    74
 2003    42    50    47    49    42    55    47    54    48    62    57    53    57    57    53    54    52    61    53    43    46    55    69    67    58    53    55    56    55    53
 2004    54    56    44    48    55    56    70    71    68    60    59    57    62    57    53    61    62    54    44    49    56    45    48    48    40    53    46    47    48    53
 2005    58    52    56    65    59    55    63    61    61    65    64    64    65    62    61    47    48    49    53    54    64    58    70    74    66    66    69    68    62    62
 2006    53    49    49    52    49    63    57    55    61    47    49    41    48    60    58    69    70    65    59    54    63    56    54    57    55    58    55    50    51    55
 2007    52    56    57    57    53    49    63    54    43    52    57    56    56    57    59    61    66    66    58    51    63    59    57    56    62    64    69    56    55    50
 2008    49    51    58    54    63    65    61    64    60    56    59    64    60    52    56    52    46    48    47    56    56    52    50    55    59    59    58    55    52    52
 2009    57    49    49    41    45    50    47    53    46    53    54    44    55    50    53    64    60    64    67    61    64    70    67    60    64    60    63    57    57    59
 2010    48    60    58    62    58    50    49    59    53    53    62    61    63    61    62    55    57    61    56    59    65    59    65    60    57    66    66    59    51    47
 2011    55    56    64    66    55    64    70    75    55    51    53    44    47    52    59    53    56    66    64    63    65    63    54    55    55    53    65    53    53    66
 2012    41    42    45    57    55    52    51    58    62    67    65    51    46    59    61    67    56    75    77    75    59    54    59    59    65    49    66    73    57    62
