 1893   -99   -99   -99   -99   -99   -99   -99   -99   -99   -99   -99   -99   -99   -99   -99   -99   -99   -99   -99   -99   -99   -99   -99   -99   -99   -99   -99   -99   -99   -99
 1894    62    61    68    63    53    64    66    59    49    46    36    43    52    60    50    56    50    31    45    50    50    52    36    37    31    51    45    62    44    39
 1895    36    55    70    55    61    67    45    52    59    72    73    68    66    52    63    60    58    62    71    68    66    60    39    46    56    44    42    43    42    30
 1896    38    60    46    42    45    46    44    58    54    50    57    58    56    62    50    55    47    42    38    29    40    32    31    48    42    39    32    29    38    39
 1897    60    64    63    68    68    67    64    67    71    65    68    60    66    65    66    53    50    40    42    28    38    43    38    42    45    41    54    43    48    58
 1898    73    72    68    52    58    52    45    50    45    42    31    38    55    53    50    40    50    49    48    51    57    57    52    48    43    48    39    63    62    39
 1899    61    60    56    56    58    63    61    54    45    45    45    51    39    40    49    60    52    46    42    39    41    49    46    53    42    29    36    34    28    18
 1900    66    56    44    42    73    62    53    60    68    68    62    52    50    60    53    44    36    34    48    46    47    44    54    57    65    46    38    43    42    44
 1901    39    39    48    54    70    70    54    53    56    51    52    48    49    51    50    48    39    34    38    34    43    48    57    55    67    40    67    57    50    52
 1902    55    50    51    43    46    50    44    50    47    46    43    32    31    42    52    55    52    45    33    50    58    61    59    47    46    52    54    50    53    48
 1903    49    62    63    53    53    47    60    63    57    51    55    59    45    48    48    42    38    32    47    58    56    55    45    33    50    45    39    40    45    57
 1904    61    58    56    50    51    60    58    49    60    63    53    38    47    42    34    38    49    55    53    48    39    41    57    60    53    58    58    62    64    53
 1905    63    54    48    53    43    52    58    58    53    55    57    55    48    52    62    62    59    65    51    43    57    53    42    50    48    48    52    57    56    62
 1906    52    64    52    50    47    50    56    60    63    68    69    62    52    42    58    64    66    65    63    63    59    54    48    54    58    52    40    48    53    37
 1907    68    56    51    55    46    47    59    52    43    43    45    47    58    64    65    71    60    62    52    44    37    46    42    41    31    45    48    45    37    39
 1908   -99   -99    46    59    58    57    43    56    61    58    59    59    65    62    56    57    58    65    60    56    59    57    65    62    69    54    38    36    29    42
 1909    38    40    54    54    42    45    47    56    61    55    55    65    66    59    41    43    46    53    61    56    56    55    38    38    35    35    32    46    35    35
 1910    53    52    59    55    59    55    56    59    41    35    65    52    51    41    44    53    61    60    55    51    47    49    50    46    38    48    42    36    42    56
 1911    52    60    47    56    60    54    47    53    47    62    60    54    57    60    53    52    54    53    42    43    50    47    55    49    48    37    54    52    42    35
 1912    68    67    55    69    74    61    53    68    70    63    67    49    57    60    55    54    38    44    44    55    37    48    40    49    49    32    36    29    30    30
 1913    68    72    71    66    69    70    70    69    55    59    61    48    38    47    49    61    59    50    54    44    39    35    37    54    48    36    37    40    56    52
 1914    55    43    44    41    53    50    46    47    40    53    53    45    53    61    49    62    64    62    63    60    67    44    35    46    34    34    42    50    52    47
 1915    47    42    45    53    55    55    56    55    50    54    50    59    63    61    45    55    52    58    42    50    37    37    55    54    55    50    45    45    40    49
 1916    61    57    57    62    68    64    63    50    51    55    60    58    44    45    38    32    32    30    32    46    45    47    41    34    38    52    55    46    29    30
 1917    59    55    55    52    53    41    48    51    52    35    31    32    50    54    55    59    52    42    47    56    42    39    41    45    42    49    41    42    43    41
 1918    52    61    53    50    38    45    47    45    52    46    51    48    43    48    50    39    41    41    39    38    31    36    40    40    50    38    33    48    34    34
 1919    44    52    62    58    58    66    70    71    69    66    56    63    46    58    51    46    56    63    61    56    55    46    40    43    42    41    57    59    49    50
 1920    53    47    52    53    55    45    44    46    60    52    63    53    47    56    65    45    44    55    53    54    58    66    65    55    53    60    39    44    35    29
 1921    69    67    62    69    48    47    51    58    65    64    50    43    54    60    59    60    55    43    47    56    51    50    41    57    41    43    41    41    52    43
 1922    66    64    51    56    66    74    72    74    53    53    36    52    52    55    45    42    41    49    50    46    42    53    53    44    34    38    36    35    56    62
 1923    62    62    62    64    61    62    54    48    45    46    53    41    34    28    40    45    51    56    43    56    43    40    41    49    60    61    64    58    60    52
 1924    51    43    41    53    43    40    51    52    35    39    45    47    46    45    51    41    50    42    48    59    48    40    35    43    45    59    47    38    33    26
 1925    46    59    64    57    66    63    61    63    61    55    54    47    39    47    49    51    64    58    61    54    39    44    36    45    44    51    56    46    54    58
 1926    62    60    61    58    50    45    55    56    40    38    48    45    32    50    52    55    62    64    55    38    53    50    46    35    25    18    29    42    42    45
 1927    64    61    55    44    55    65    66    63    70    71    60    69    66    69    69    65    64    52    40    34    42    34    30    32    43    37    37    44    45    43
 1928    51    56    46    36    42    45    49    52    60    63    59    61    58    59    56    52    38    36    42    48    43    34    32    31    34    25    29    27    35    36
 1929    57    68    71    53    44    45    50    51    55    46    39    50    46    35    46    45    38    27    28    30    45    50    51    53    53    52    56    59    49    36
 1930    67    46    43    35    53    44    55    53    53    45    46    67    55    50    43    50    43    36    57    36    46    36    61    69    52    45    34    25    35    26
 1931    59    58    52    52    56    51    64    71    69    73    68    68    75    63    56    59    58    57    56    65    65    61    58    38    54    48    38    42    50    58
 1932    52    45    46    47    55    41    37    45    50    52    52    58    52    40    57    39    42    37    54    42    38    55    35    32    35    47    41    36    31    38
 1933    59    62    63    57    58    68    65    70    67    62    60    51    55    50    56    58    56    45    66    51    36    61    42    40    60    49    34    50    40    56
 1934    59    62    63    57    58    68    65    70    67    62    60    51    55    50    55    58    56    45    66    51    36    61    42    40    60    49    34    50    40    56
 1935    45    52    52    47    41    39    57    51    44    37    60    49    54    57    58    62    60    65    62    61    54    52    54    61    64    43    32    36    34    49
 1936    60    62    54    52    65    65    62    56    62    62    64    64    66    70    58    52    39    41    45    55    47    62    62    40    42    58    48    39    39    44
 1937    70    73    74    59    49    53    51    63    55    65    49    50    39    47    47    32    41    51    39    33    55    64    67    52    41    31    42    44    40    57
 1938    60    48    50    59    60    55    64    61    62    65    68    64    57    59    54    45    50    43    43    43    37    43    46    56    39    49    44    50    47    50
 1939    55    59    73    56    45    64    69    60    57    48    46    57    72    73    72    60    45    43    45    55    35    42    53    37    36    33    41    52    40    28
 1940    49    50    53    53    53    55    59    61    58    38    37    33    42    40    35    45    52    65    66    61    60    59    61    49    32    27    36    35    42    36
 1941    48    56    63    68    59    47    56    58    55    38    48    50    57    64    63    62    41    42    45    65    66    57    45    59    41    30    55    36    26    42
 1942    71    66    49    40    44    54    59    61    62    54    63    58    54    56    56    57    65    58    50    32    39    35    42    30    22    31    33    20    29    34
 1943    59    47    53    57    55    52    43    42    43    36    32    45    48    51    43    40    29    40    47    29    34    36    30    39    38    30    46    53    46    54
 1944    52    50    63    52    52    49    39    40    60    59    52    52    55    54    52    52    50    63    63    58    51    38    49    48    43    41    50    50    33    37
 1945    58    42    47    58    61    60    57    65    47    42    43    42    37    42    43    37    43    57    50    33    35    49    64    43    42    39    51    36    22    28
 1946    43    28    35    41    60    60    54    50    61    55    49    40    39    51    44    48    54    47    52    46    51    57    38    42    30    46    54    46    32    29
 1947    63    51    57    63    61    52    58    66    64    67    63    57    55    54    40    43    44    65    55    60    54    31    34    39    26    21    25    44    38    24
 1948    65    56    54    50    50    53    53    56    42    39    53    63    66    70    63    63    69    70    69    65    54    53    40    40    33    32    37    49    48    60
 1949    30    50    55    56    42    39    50    34    34    37    53    57    41    30    48    36    57    40    43    29    47    39    33    26    35    52    44    37    18    25
 1950    55    50    51    42    40    37    39    42    45    53    61    55    57    48    41    50    43    55    59    55    57    51    49    29    35    36    52    47    51    60
 1951    55    57    52    51    58    53    49    47    60    54    52    57    48    49    46    35    42    37    45    61    48    43    41    41    32    48    39    30    28    47
 1952    52    43    36    42    60    60    44    56    57    55    55    54    54    65    44    39    42    52    35    34    35    41    33    35    42    39    41    57    41    45
 1953    69    63    60    45    43    49    37    41    57    49    54    53    32    46    45    38    45    57    37    50    40    30    37    49    53    36    34    41    58    36
 1954    52    59    52    60    65    61    51    44    54    54    42    58    58    53    54    52    58    60    55    42    45    34    32    51    39    42    46    49    62    52
 1955    37    40    40    45    45    41    38    42    58    53    28    28    52    51    46    70    71    63    67    43    52    50    57    36    37    47    55    38    56    42
 1956    48    44    63    55    53    43    33    47    47    55    51    51    55    45    47    50    42    37    44    28    38    53    35    32    38    41    51    60    42    29
 1957    65    67    62    52    41    49    43    42    52    56    60    56    47    54    52    46    42    46    54    48    52    41    42    36    39    45    28    29    30    43
 1958    40    57    67    56    54    63    48    40    61    47    46    43    45    55    57    46    51    40    46    53    50    40    64    65    53    39    39    32    51    43
 1959    64    60    53    44    68    73    72    65    63    45    35    36    43    50    46    37    38    31    52    65    62    62    54    43    52    57    50    46    41    40
 1960    69    67    65    67    69    66    66    65    51    40    44    43    41    37    45    55    61    51    49    51    51    51    54    56    41    41    41    37    46    39
 1961    69    66    56    52    60    53    60    65    65    72    59    57    55    47    38    36    39    53    45    53    60    53    38    43    42    33    46    26    33    38
 1962    48    53    56    53    38    39    44    58    58    50    40    64    70    46    60    61    48    40    43    30    36    44    40    56    48    36    42    35    32    47
 1963    46    62    61    55    55    52    61    53    60    56    63    52    34    40    43    49    65    62    61    53    45    43    47    52    57    40    53    46    41    37
 1964    53    67    68    56    44    63    63    65    67    63    43    44    35    54    46    43    49    58    60    59    58    51    50    44    38    58    40    28    31    37
 1965    45    42    60    55    45    50    56    57    60    50    41    46    58    53    48    47    54    58    63    55    55    47    42    41    40    35    37    47    58    49
 1966    60    67    70    59    48    49    43    43    47    50    52    53    53    53    33    33    47    44    40    49    44    47    41    37    45    30    47    49    49    35
 1967    37    38    40    40    42    42    46    53    46    34    45    49    63    59    55    56    55    58    60    59    55    42    51    34    39    49    42    31    23    32
 1968    53    42    61    60    46    46    40    59    54    47    38    43    48    52    50    60    62    56    55    52    50    65    64    49    40    35    43    38    44    41
 1969    55    49    53    63    67    63    59    48    39    38    44    52    55    63    68    62    45    43    50    44    42    55    50    45    46    37    42    35    50    38
 1970    51    60    67    56    53    67    74    55    55    50    42    55    45    47    50    42    52    46    52    58    71    53    48    54    53    40    40    38    35    40
 1971    65    65    69    69    65    60    56    66    63    53    52    47    50    52    41    38    38    44    47    33    50    46    39    41    47    48    62    70    47    60
 1972    54    52    46    48    58    62    63    50    42    54    58    63    63    51    53    47    52    67    64    64    49    35    42    57    64    46    40    50    35    28
 1973    73    69    70    63    55    48    47    56    55    54    50    45    55    52    46    43    46    35    47    37    47    50    40    49    61    60    57    57    56    51
 1974    40    48    38    37    42    47    48    57    60    62    66    49    42    39    49    40    55    47    53    49    39    25    33    51    44    53    56    47    43    33
 1975    60    60    65    53    53    45    56    45    44    53    54    34    33    41    51    55    56    58    46    48    45    37    42    39    35    33    38    45    55    46
 1976    57    50    64    46    47    59    65    57    49    38    50    56    61    58    49    40    40    45    57    45    40    34    37    31    42    42    49    33    41    41
 1977    61    64    52    57    57    57    62    59    62    45    50    57    58    46    49    50    59    59    54    42    43    53    52    51    51    47    46    42    55    50
 1978    59    63    62    57    60    63    68    70    66    61    67    63    57    57    53    54    58    56    71    52    49    40    43    50    42    51    47    37    50    51
 1979    65    62    53    60    62    59    44    45    44    68    60    60    50    43    40    46    53    53    42    52    42    36    47    52    45    55    57    60    58    49
 1980    63    53    61    62    54    56    63    67    57    44    54    59    65    55    53    51    37    51    45    56    57    54    36    39    49    33    49    54    48    55
 1981    56    49    50    58    51    52    59    48    46    60    60    53    50    61    52    48    38    35    47    41    54    44    40    46    55    60    47    33    49    54
 1982    61    58    48    48    64    53    53    58    60    65    67    68    64    56    51    41    52    44    46    40    35    37    49    51    39    44    38    52    63    64
 1983    57    57    68    57    66    59    51    58    72    64    47    54    45    42    52    53    43    61    47    44    37    35    33    40    54    55    57    58    61    58
 1984    60    61    52    50    45    52    60    56    50    54    52    57    61    49    40    37    42    52    56    57    52    64    61    61    42    29    39    40    28    30
 1985    67    57    67    70    64    70    73    70    55    58    51    47    43    47    44    55    65    69    70    53    48    52    44    36    38    41    35    44    41    39
 1986    53    51    62    56    46    48    38    37    46    59    60    45    50    52    55    44    51    57    61    58    61    67    57    52    66    61    62    50    65    51
 1987    44    49    44    54    59    67    61    56    44    51    56    49    50    42    53    65    61    59    43    48    49    49    41    44    38    44    54    59    50    42
 1988    66    55    54    59    41    37    43    60    38    41    52    61    47    41    50    58    56    67    53    49    41    58    43    38    43    53    50    52    55    55
 1989    65    49    51    58    51    59    67    66    58    42    49    45    45    39    37    39    43    49    56    55    48    57    32    29    30    32    31    40    41    37
 1990    61    58    58    68    68    73    61    63    62    64    59    62    62    57    43    46    41    51    54    44    57    43    40    33    45    42    45    52    47    34
 1991    50    54    69    43    45    47    59    65    70    59    57    64    65    69    68    52    45    39    32    28    31    52    38    44    40    36    30    28    35    53
 1992    46    63    48    46    56    60    53    43    53    46    37    50    61    62    60    66    62    55    36    47    55    40    33    42    40    55    37    38    27    35
 1993    46    60    54    46    50    43    44    47    55    43    39    57    70    47    44    44    42    51    46    52    53    55    40    36    41    38    39    34    35    30
 1994    43    54    55    57    56    48    43    57    55    56    55    59    67    69    71    58    52    48    49    52    60    60    51    55    58    45    46    43    38    49
 1995    52    53    61    56    57    69    51    38    38    42    45    54    59    46    43    63    41    48    48    42    38    31    28    33    45    44    38    46    54    63
 1996    53    63    59    60    58    56    57    64    60    51    55    44    39    35    44    43    46    37    36    54    51    46    51    41    42    50    43    48    48    46
 1997    58    64    48    44    54    56    57    61    59    49    42    44    50    62    54    57    51    50    65    50    36    46    48    37    48    42    56    52    51    53
 1998    53    45    57    51    53    63    55    44    43    52    53    55    59    66    65    58    53    54    59    64    48    43    36    53    55    72    61    45    57    49
 1999    55    60    61    67    62    47    53    56    50    47    41    58    46    44    40    36    36    39    40    42    30    34    34    40    42    63    51    51    41    38
 2000    68    66    67    59    44    45    45    46    58    68    73    46    49    53    42    37    47    57    63    53    36    49    50    38    31    33    34    39    53    62
 2001    42    53    61    45    54    56    69    60    49    49    45    58    51    42    51    52    55    53    53    49    56    44    54    37    33    35    37    37    43    36
 2002    60    71    56    50    54    58    62    57    66    63    46    45    51    60    45    39    47    63    65    59    46    39    35    31    49    47    48    36    53    63
 2003    48    45    54    47    42    56    54    54    55    62    66    65    56    55    42    49    62    62    41    35    36    54    37    55    37    49    39    42    28    26
 2004    60    62    57    56    56    56    48    45    47    51    53    55    55    55    65    48    46    54    57    57    51    51    51    52    42    40    44    44    33    35
 2005    44    46    44    57    58    67    59    55    53    62    63    63    50    40    40    38    44    59    64    48    59    63    43    50    61    56    42    50    34    46
 2006    50    53    58    57    50    50    50    60    50    53    52    53    48    43    47    62    58    44    43    33    37    52    47    48    38    34    52    37    39    43
 2007    53    52    58    58    61    67    67    50    57    54    46    36    49    40    30    45    53    68    58    51    66    44    44    62    56    41    47    39    44    62
 2008    62    71    52    54    43    50    46    50    36    39    56    61    62    56    51    41    41    47    51    50    49    52    58    59    44    50    53    53    54    42
 2009    41    41    44    44    45    45    50    49    49    53    54    52    50    47    49    53    46    48    48    49    48    62    60    58    60    49    50    46    42    44
 2010    65    62    53    44    44    59    54    42    53    51    59    45    47    44    55    54    45    52    45    52    66    54    64    52    44    37    35    45    42    45
 2011    63    72    68    51    42    42    40    46    51    48    50    54    50    48    32    42    48    54    55    42    48    47    45    35    37    37    47    49    45    48
 2012    66    58    66    61    60    49    59    45    50    44    60    60    50    46    44    47    57    38    41    39    42    37    28    28    39    34    32    33    39    37      
