 1893   -99   -99   -99   -99   -99   -99   -99   -99   -99   -99   -99   -99   -99   -99   -99   -99   -99   -99   -99   -99   -99   -99   -99   -99   -99   -99   -99   -99   -99   -99   -99
 1894    67    55    54    54    45    55    44    49    57    55    66    70    57    50    50    54    55    60    60    65    51    47    60    65    54    71    70    66    60    52    66
 1895    54    52    49    59    65    65    57    56    42    44    46    43    55    66    67    54    58    50    54    55    63    54    52    61    50    60    58    54    66    51    42
 1896    65    64    71    55    64    59    47    46    49    54    56    59    73    66    56    50    48    56    55    58    50    60    54    55    49    62    66    60    63    62    61
 1897    59    68    78    70    60    65    69    72    73    60    55    52    49    54    52    61    59    63    64    63    57    63    53    66    70    63    60    65    55    65    62
 1898    68    64    66    53    57    60    60    63    58    47    46    53    52    53    53    65    67    69    65    57    50    60    65    65    62    64    54    78    62    47    46
 1899    57    61    59    57    53    62    59    52    50    59    60    58    65    68    67    66    52    59    60    65    67    66    65    67    57    67    64    59    54    42    54
 1900    62    71    69    72    73    68    64    57    52    65    56    46    61    68   -99   -99   -99   -99   -99    51    65    55    62    63    55    48    54    56    58    52    62
 1901    75    68    70    75    67    59    48    49    65    70    65    68    67    65    60    63    65    68    59    63    73    70    69    68    75    72    72    71    60    58    51
 1902    53    62    73    72    73    64    62    63    60    52    62    58    58    66    58    60    62    64    62    57    54    56    58    62    68    65    63    59    60    70    64
 1903    68    64    72    65    57    60    68    74    68    68    61    59    52    53    53    62    65    63    61    57    63    57    59    57    64    69    66    68    62    55    47
 1904    48    43    57    52    58    57    55    60    61    56    63    57    53    66    56    64    71    71    64    62    53    49    52    47    57    53    58    51    62    70    53
 1905    62    62    65    62    61    60    53    59    53    50    57    60    57    62    64    76    70    71    63    60    61    59    56    53    48    51    58    60    61    60    57
 1906    67    58    60    48    53    48    48    54    57    60    61    63    67    69    69    68    51    53    63    62    61    67    56    52    54    62    52    67    63    56    60
 1907    59    53    58    62    74    72    61    64    65    58    63    56    58    62    69    61    58    60    63    62    70    67    58    65    66    57    53    60    58    58    61
 1908   -99   -99    56    54    52    53    52    49    50    68    69    58    56    62    57    63    62    68    62    62    68    64    66   -99   -99   -99   -99   -99   -99   -99   -99
 1909    68    67    61    57    54    57    56    59    70    65    64    63    58    55    58    60    55    60    58    62    62    65    56    50    54    63    62    66    73    58    59
 1910    62    63    64    58    56    69    56    59    60    54    48    64    48    63    61    66    59    52    52    61    68    64    66    67    60    63    56    62    66    58    51
 1911    75    80    77    69    79    65    68    73    71    59    62    72    65    51    68    53    43    58    57    48    53    52    42    53    54    52    58    63    62    67    65
 1912    63    61    69    72    73    76    65    68    71    54    60    67    64    57    54    45    52    57    45    54    58    52    70    70    66    66    57    61    62    63    54
 1913    63    63    73    69    65    60    58    64    64    65    59    54    55    69    68    71    68    63    59    56    53    55    63    56    53    60    70    57    68    71    68
 1914    57    54    56    62    65    67    70    61    59    64    69    75    69    68    62    67    56    49    63    53    61    58    71    68    62    65    67    65    52    53    55
 1915    53    59    45    50    49    45    61    54    51    59    64    59    58    70    65    68    52    61    62    51    50    50    51    61    57    56    63    67    65    64    61
 1916    66    63    62    60    60    62    59    61    62    54    60    71    68    70    65    67    69    69    70    64    58    62    58    68    67    66    69    68    68    71    71
 1917    65    52    47    49    59    61    61    62    60    53    60    54    51    53    56    58    56    56    56    60    66    65    66    65    68    68    69    68    73    77    77
 1918    49    52    61    61    53    54    59    52    53    53    52    51    52    58    61    64    58    55    53    61    64    61    67    68    69    68    63    63    60    49    49
 1919    67    65    70    70    63    55    54    64    66    54    48    66    64    70    62    52    55    57    56    60    63    53    59    58    70    76    78    62    68    70    69
 1920    66    61    58    57    57    60    54    55    52    52    55    60    63    53    54    48    53    57    49    58    61    59    74    63    51    50    48    52    63    65    60
 1921    70    66    71    68    66    68    67    64    62    65    68    71    68    68    64    58    63    70    61    58    52    58    63    66    66    68    74    64    64    66    52
 1922    60    50    45    42    55    64    55    42    61    61    59    57    51    58    63    65    60    52    48    58    64    68    56    55    57    62    61    53    61    62    60
 1923    48    54    57    60    67    66    70    67    70    71    69    64    62    61    67    64    56    51    53    56    68    63    69    64    59    57    61    57    64    61    61
 1924    41    41    41    47    50    58    53    54    63    52    56    63    53    49    49    62    52    45    55    56    64    55    58    65    54    55    53    59    65    63    58
 1925    57    65    65    60    51    68    66    65    65    49    65    68    63    64    62    60    52    58    60    49    51    49    42    58    57    59    56    45    43    49    48
 1926    52    60    56    56    61    51    53    65    66    55    43    59    41    38    45    60    65    60    68    70    68    54    46    50    56    54    55    55    56    63    62
 1927    68    51    45    53    59    56    62    50    59    54    61    71    65    60    57    62    60    48    54    49    60    60    49    58    52    52    60    60    65    54    52
 1928    53    62    61    65    58    64    72    65    60    61    56    60    54    52    52    58    66    67    69    65    64    59    58    58    61    60    60    45    49    51    64
 1929    68    46    47    64    53    65    61    62    55    50    59    66    65    66    58    63    62    57    54    48    60    63    67    65    65    70    69    60    53    54    60
 1930    49    45    53    57    64    66    55    62    65    68    71    64    60    47    40    57    65    62    65    65    63    56    48    61    61    65    71    63    60    50    45
 1931    70    70    55    58    60    50    53    45    49    45    45    56    60    58    71    72    74    58    63    60    64    49    51    48    53    72    71    75    70    68    69
 1932    56    46    55    55    49    56    56    56    55    64    51    62    74    74    75    65    58    60    69    79    71    59    54    56    66    65    65    66    49    50    55
 1933    65    64    59    55    55    50    74    68    65    62    65    65    64    67    54    50    55    57    64    70    67    67    65    60    53    60    60    67    68    73    69
 1934    65    64    59    55    55    50    74    68    65    62    65    65    64    67    54    50    55    57    64    70    67    67    65    60    53    60    60    67    68    73    69
 1935    68    69    68    69    68    66    61    56    64    66    71    64    57    62    62    57    62    70    69    68    71    67    70    71    67    64    71    70    65    75    68
 1936    69    52    57    60    64    66    70    70    70    73    62    69    70    71    72    66    68    69    64    61    53    67    66    60    63    69    68    60    57    45    48
 1937    50    56    65    58    61    63    69    70    66    70    69    68    68    69    68    66    52    49    54    58    63    74    71    57    63    51    46    62    48    60    62
 1938    70    69    67    67    70    70    65    65    62    63    63    66    64    61    57    63    62    57    69    59    60    60    54    61    69    61    66    58    60    66    62
 1939    52    54    67    69    68    69    70    65    57    54    58    68    70    55    56    55    59    61    60    56    60    60    56    63    64    64    64    63    56    51    62
 1940    52    50    42    43    52    51    61    61    60    60    61    49    45    55    61    55    56    65    74    73    73    65    66    70    73    66    66    72    69    66    68
 1941    64    53    53    48    49    62    58    55    62    64    58    54    45    50    61    55    47    58    46    45    56    69    67    65    62    63    68    69    70    66    63
 1942    53    43    57    49    52    47    42    57    60    62    61    65    64    54    61    68    73    70    67    56    51    51    47    55    60    56    57    58    53    61    60
 1943    49    48    60    66    65    64    57    55    60    60    61    61    64    56    51    57    59    54    57    61    64    51    52    63    66    60    65    54    58    56    59
 1944    49    57    54    54    58    57    63    64    51    54    58    59    50    54    57    49    59    61    55    48    42    46    56    55    49    62    54    50    53    51    55
 1945    49    54    45    63    60    49    48    49    61    43    39    58    48    52    53    54    55    49    50    63    69    61    61    60    57    52    58    57    52    50    62
 1946    50    45    54    53    58    54    63    58    67    71    58    48    50    61    56    59    65    68    64    51    50    47    51    53    50    40    52    49    54    60    54
 1947    49    44    49    65    62    54    52    48    48    46    50    58    60    59    61    58    57    58    43    41    42    36    41    46    50    66    62    55    61    72    52
 1948    38    67    58    60    56    62    63    61    65    52    55    60    61    60    49    53    55    49    52    62    67    55    45    44    61    44    47    45    58    51    43
 1949    75    64    72    78    69    70    72    68    64    47    48    54    56    64    63    54    60    60    54    61    68    54    53    64    70    70    71    71    68    52    48
 1950    47    56    61    56    53    48    50    54    59    61    49    66    49    46    58    62    54    54    58    56    61    56    56    54    58    56    56    57    58    63    65
 1951    49    51    62    55    45    52    67    63    57    61    59    59    62    56    58    64    65    65    51    50    70    63    57    58    60    63    68    64    58    60    62
 1952    62    70    65    55    60    67    58    57    49    61    65    62    68    64    58    57    72    72    70    76    63    78    63    50    66    59    62    68    48    56    48
 1953    73    73    52    67    63    53    58    46    46    46    51    61    61    64    58    59    64    61    61    66    67    57    60    51    67    65    64    70    66    62    64
 1954    55    64    60    67    59    59    67    56    61    64    65    69    62    70    57    62    65    65    56    69    66    54    63    56    59    57    60    65    62    67    59
 1955    65    61    72    66    68    65    68    67    67    64    62    61    60    65    65    65    59    62    63    62    67    69    70    56    58    76    74    72    73    75    71
 1956    58    55    55    55    48    57    65    60    55    48    55    58    61    50    67    67    55    60    54    58    56    56    53    57    56    61    61    59    59    50    60
 1957    55    58    66    63    56    57    62    61    55    57    60    68    68    62    65    64    68    72    71    67    71    70    62    52    53    65    65    69    69    66    67
 1958    69    68    60    64    64    49    52    47    67    57    51    51    57    57    62    48    46    60    52    53    57    52    55    53    54    54    58    63    62    60    56
 1959    53    45    53    63    53    50    55    70    53    59    53    47    54    55    56    66    63    64    58    55    64    61    67    56    50    52    60    70    73    70    56
 1960    53    58    60    46    50    48    49    53    62    60    58    66    57    49    50    55    57    64    58    62    66    66    64    64    65    61    56    59    65    61    47
 1961    66    63    50    58    58    50    58    51    48    53    55    61    64    56    57    53    55    58    63    51    62    62    62    55    56    57    62    63    62    67    68
 1962    52    62    66    64    64    62    62    65    55    61    60    63    56    60    59    60    53    53    57    66    60    57    57    54    55    44    46    58    53    61    44
 1963    65    61    55    53    54    64    62    55    51    53    58    65    65    58    54    61    63    66    65    59    60    66    68    63    66    68    70    66    56    60    64
 1964    66    60    63    52    55    67    65    58    60    59    63    58    50    55    55    71    73    72    67    70    68    67    70    71    58    56    60    69    59    63    58
 1965    55    66    53    59    59    50    59    65    65    51    51    59    70    55    51    67    65    57    63    61    66    66    71    68    55    61    58    50    48    55    61
 1966    63    66    68    66    67    65    64    57    67    63    69    75    71    65    56    55    57    70    64    50    50    52    58    58    63    70    70    70    61    53    52
 1967    63    51    51    41    44    46    48    61    65    64    63    56    53    51    44    53    59    54    55    60    63    68    74    61    56    65    64    50    56    55    63
 1968    52    53    45    60    54    53    63    66    62    51    53    63    67    74    74    72    69    71    59    57    69    58    59    66    62    63    69    51    55    67    64
 1969    48    57    55    68    59    60    59    60    65    65    64    62    64    68    72    71    73    67    63    58    60    58    64    58    61    61    62    61    55    55    55
 1970    75    69    63    58    44    50    60    57    53    55    55    61    69    67    65    53    66    63    60    48    45    47    50    53    63    61    69    67    67    65    67
 1971    53    55    53    66    66    53    66    71    53    55    60    62    56    53    57    58    56    58    55    53    57    68    63    56    62    51    47    49    46    44    44
 1972    61    61    52    46    47    50    53    54    54    60    69    63    62    65    59    55    64    59    60    73    73    73    67    66    57    61    56    56    52    60    64
 1973    54    64    63    62    54    66    71    70    68    62    58    62    70    60    54    56    61    64    68    62    60    61    67    70    68    64    62    61    56    62    58
 1974    58    71    75    64    58    62    63    70    73    69    65    66    73    70    61    56    68    71    66    65    65    65    59    64    63    64    54    60    55    53    52
 1975    66    67    70    69    69    62    66    68    55    53    53    47    48    50    62    69    68    72    71    63    57    68    68    62    55    58    63    59    66    66    69
 1976    47    54    54    55    57    60    61    61    66    73    65    58    62    70    61    52    49    45    74    71    66    61    67    56    56    65    62    67    61    64    60
 1977    57    57    64    75    71    75    68    69    57    58    66    64    55    76    69    67    66    66    74    73    68    61    59    68    63    52    57    61    61    62    52
 1978    66    69    60    61    69    63    63    57    63    50    50    62    61    59    59    55    65    68    70    68    65    65    55    57    63    61    58    56    68    57    58
 1979    52    60    65    59    55    50    54    54    59    63    64    65    72    67    61    58    60    51    57    62    64    64    65    66    66    57    62    58    59    65    62
 1980    63    55    55    62    70    60    72    65    65    65    70    72    62    75    67    65    61    67    62    67    65    60    56    56    67    62    52    57    63    63    67
 1981    54    55    65    64    63    63    66    73    63    56    68    71    74    67    58    66    68    70    68    64    63    61    61    58    62    56    55    53    52    64    64
 1982    54    59    64    62    72    69    60    54    65    66    65    56    55    61    68    67    68    65    60    66    69    63    61    62    69    69    66    60    60    56    57
 1983    61    64    69    51    57    50    57    64    68    66    68    59    64    71    71    70    69    67    70    70    76    75    72    62    60    61    64    73    70    65    67
 1984    56    60    65    58    60    56    46    54    65    67    58    62    67    67    58    55    58    53    58    64    61    74    73    62    65    64    57    53    57    56    59
 1985    61    65    55    64    56    57    66    65    63    56    59    60    68    64    59    53    62    67    69    59    56    53    54    59    68    57    62    63    60    60    57
 1986    60    55    54    72    76    66    57    66    63    59    64    61    59    57    67    67    76    76    73    62    58    56    62    75    67    59    69    62    65    68    65
 1987    51    58    55    55    65    66    64    63    68    74    75    66    60    49    53    57    70    72    68    76    73    68    72    67    68    74    72    66    71    73    71
 1988    42    46    51    54    61    65    74    70    67    65    57    54    68    66    75    73    61    71    55    62    54    55    56    61    58    52    61    60    68    68    62
 1989    59    61    64    58    58    57    66    57    72    75    69    68    63    54    62    52    52    65    62    54    53    64    61    63    63    67    71    59    63    66    63
 1990    60    61    71    74    61    58    59    78    61    66    61    58    48    55    54    59    69    68    65    65    59    62    51    54    65    69    66    66    69    59    52
 1991    68    61    62    59    55    65    60    56    56    61    61    67    63    49    51    65    71    65    71    71    71    73    56    52    50    46    51    58    56    49    62
 1992    63    66    56    55    49    45    62    66    58    64    55    62    63    57    54    61    56    54    54    53    44    51    53    51    58    63    52    64    58    55    47
 1993    60    68    58    73    67    60    57    60    62    57    62    50    58    59    56    57    68    68    63    56    52    55    64    69    68    63    67    64    59    53    65
 1994    63    58    51    68    67    68    65    57    60    51    63    65    62    56    51    63    61    58    62    61    61    61    56    54    55    50    52    49    54    54    63
 1995    46    44    53    66    62    59    53    50    64    60    65    69    74    78    70    69    63    57    55    62    55    67    61    61    63    63    62    62    64    66    71
 1996    57    63    55    59    56    60    65    62    51    45    51    63    54    55    54    55    69    77    66    56    62    64    53    57    54    51    52    61    59    54    53
 1997    64    62    57    53    45    52    42    63    59    47    60    68    71    67    59    69    66    67    66    65    68    64    65    64    70    72    69    66    55    53    50
 1998    60    58    68    65    54    68    70    61    62    61    63    55    65    66    65    62    59    58    65    60    67    65    55    52    52    52    64    55    59    62    51
 1999    58    57    67    75    75    64    52    59    64    54    50    52    60    69    68    73    66    63    63    67    69    69    71    68    69    68    64    67    68    68    68
 2000    61    61    66    64    76    63    64    71    65    67    66    65    61    64    60    60    59    52    54    55    48    49    52    55    63    64    62    59    64    61    61
 2001    60    44    63    56    58    48    68    61    62    65    53    57    53    53    57    55    71    70    70    65    71    70    69    65    62    59    60    70    60    62    75
 2002    74    68    68    67    67    68    65    73    74    64    66    49    50    53    56    58    62    66    68    72    75    70    58    58    63    64    67    64    66    63    69
 2003    56    59    67    69    65    65    68    60    58    62    55    53    55    55    68    54    59    64    51    67    64    55    50    48    61    73    71    67    57    63    61
 2004    62    62    67    66    61    59    56    47    57    59    61    61    66    59    57    63    59    57    59    67    69    66    62    54    49    50    51    53    64    56    56
 2005    57    50    60    65    55    54    56    58    67    62    59    59    61    65    65    67    67    69    56    64    69    66    70    78    68    64    52    49    57    61    67
 2006    68    63    62    58    50    51    53    58    57    59    66    66    61    61    62    72    77    59    60    68    64    57    56    69    67    68    69    62    70    75    75
 2007    54    58    67    63    60    58    59    72    69    63    52    50    49    62    51    56    64    69    65    48    49    53    59    63    64    64    68    61    57    57    60
 2008    51    67    57    52    53    64    65    67    53    56    67    61    56    62    61    69    67    64    68    62    64    58    55    59    66    57    60    60    68    62    65
 2009    55    58    52    62    53    55    58    60    52    65    60    53    58    61    62    52    51    53    53    45    54    51    53    53    54    56    55    58    48    59    51
 2010    54    54    65    72    68    68    67    65    58    61    66    60    60    67    63    63    60    68    60    60    61    67    70    67    63    62    70    67    57    66    64
 2011    80    66    57    55    58    62    60    61    63    71    68    63    54    60    64    69    75    78    77    76    72    67    69    73    57    66    68    72    67    64    66
 2012    64    71    72    74    72    72    73    66    60    58    56    56    65    66    62    65    68    70    67    57    64    68    68    70    73    69    61    58    64    63    62    