 1893    -8    -1    -7    11     1     9    14    23     3     5    -7   -13   -12    30    12    -2    12     3    -3    14    25    23    34    33    22    21    29    12    11    23    30
 1894    29    10     3    15    22    23    46    31    29    34    33    31    24    23    36    32    24    18    24    32    36    26    28    24    13     6    -6   -10    12     9     5
 1895    15     4    -3     4     7    10    15     7     6    21    27    27    25    12    15    27    25    30    24    30    31    26    27    16    10    -2    18    21     9   -13   -10
 1896    -1     0     9    12    25    21    20    25    18    31    28    24    28    30    29    28    27    20     9    10     5    21    15     7     9    15    12    25    39    32    41
 1897    -5    -4     3    15    10     8     0    14    21    28    22    19    21    15     5   -10    -6   -14   -11     0   -15   -13   -13   -14    15    12    -5    15    29    15     5
 1898     6     5     6    -2    -5    11    -1    -8   -10    -2     0   -11   -10    -5    -4    12    10    10    22    28    27    17    13     2     8     4     8     8    15   -10   -20
 1899    28    27    18     5     3     7    25    24    37    32    28    16     5     2   -10    10    18    15    -8    10    15     5    18    10     0    -9    -7   -12   -13    -7   -99
 1900    22    32    32    29    24    19    25    15     5     4     5     9     9    14    19    19    30    31    15    13    25    33    26    12     5    -3    14     3     7    12    -4
 1901    31    21    17    17    23    24    32    22    12    22    11    19   -12   -24   -22    -7    -9   -17   -12   -18     2    12    32    25    22    20    17    20    22    11    19
 1902    16    30     7     8    15     7    -2   -12    -2    16    17    10    20    19    23    16     7    12    25    33    33    22    23     0   -11    -8    -9     2     7    -1    20
 1903     5     4    22    12     5     4    17    19    14     6     2   -12   -22    -8   -10    -2   -10     8    23    20    12     3    17    13    -9   -17     0    -5    -3   -12    12
 1904    12    16     6     1    16    17    18    24    19     3    27     5    -1   -12    -2     4    14    21     1    12    -2    25    22    17    25    27     8    -6    -2    19    26
 1905     0    20    27    12    11    12     0   -12    -6    11    22     8    27    31    23     8     4    18    21    32     7    -2    -2     5    11     7    22    22    23     6     2
 1906    12    24    28    27    32     5    -2    13    20    23    22    30    33    18     8    15     9    -1    17    25    20     5    -5     0    17    16    20    19    20    32    15
 1907    17    11    13     6    17    21    22    21    39    30    17    18    17    25    29    29    27    20    15    16    20    10    24    21    17    16    17     8    20    12     2
 1908     5     4    19    14     9    14    -4     5    10    14    14    11    20    27    26    33    30    18     9     5    12     6    17    21    18    12    18    12    21     9    -2
 1909    33    42    38    28     8     4     1    -4    -6    -1    17    25    23    20     3     0    -4   -12    -4    -4     8    10     5    16     9    -6    -5    -2   -15   -14    -1
 1910     8     9    21    21    22    12     8    -1    -1    22     6    -1    -4    23    18    17    18    22    12     5    -2    12     5    -7     8    10     8    25    14    -8     9
 1911    29    22    20    15    27    31    24    27    24    37    30    27    21    22    24    22    20    13    12    21    30    27    19    24     8    18     0   -18    -4    15     0
 1912    42    17    22    23    33     9    14     5     6    14     2    -3    21    22    32    32    37    21    29    10     6     0    17    12    21    17    15    15    15    16    24
 1913    44    47    46    35    40    38    17    16    22    32    25    30    29    27    24    32    28    18    19    19    11    12    16    17    20    20    18    20    14    18    17
 1914    34    23    20    20    22    32    33    29    19    18    19     4     1   -12   -10   -15   -16    -7     7    -6    -3    -2    -5    -1    -6   -29    -7     8    11   -16   -10
 1915    27    11    16    20    19    20    30    29    27    22    25    25     7    -9     1    23    12     7    -4    -4     2    10    22    18    14    18     1   -10     0     0    24
 1916    21    21    22    27    30    24    27    24    11    10    14     9    -3   -14   -14    -3    -4   -11   -11   -11   -22   -22   -10    -2    -9    -8    -1    -6   -17   -16    -6
 1917    17    18    28    25     8    -3    -3   -14   -14   -12   -12    -6   -10   -10   -16    -7    10    22    30    30    22    13    13    21    -2    -2    14   -11   -16   -16     1
 1918    15    15    20    19    25    14    24    22    33    34    30    26    34    27    25    26    30    27    32    31    42    28    24    17    10    10    15    17    16    21    22
 1919     1   -10   -21    -2     3    17    12    -1    -5   -23    -5     6    -8   -16   -19   -12     0     3     9    16    21    22    25     5     0    28    24    -3    22    20     7
 1920    38    37    33    32    29    22    19    22    26    32    31    27    27    23    22    22    18     5     1     5    20    23     6    -7   -11    14    -6   -13     9    17    25
 1921    27   -99   -99    20    28    24    25    18    22    32    31    26   -99    31    32    32     6     2    13     2    -6     3   -99    -5   -17    10    -6    14   -99    16    16
 1922    22    19    23    19     5    12    21     6     3    10     7    -4    -4     5   -18    -3    -9   -25   -13     6     9    19    28    29    27    28    18    16    25    30    18
 1923   -99   -99   -99   -99   -99   -99   -99   -99   -99   -99   -99   -99   -99   -99   -99   -99   -99   -99   -99   -99   -99   -99   -99   -99   -99   -99   -99   -99   -99   -99   -99
 1924     4    22    20    30    30    29    25    17    -2   -10     6    12    17     9    16     2    -5    -1   -13   -17   -23   -12     0   -14   -14    -2   -19   -25    -6     5    -2
 1925    14    23    28    20     9     9     9    11    17     7    21    15     7     8     4    -8    -1   -13    13    18     4     4    -1     2    -2   -15   -16   -12   -24   -10    -4
 1926    10    20    22    16     4   -15    20    19    14    23    10    30   -10   -16   -12    -3     5    -5    10    26    24    26    29    -8   -13    -4    10     4   -11    13    24
 1927    10    -2     0     0    -1    24    -4   -12   -15    -4     1     1    25     5     0    -3    -4    -2    -5     0    -2    10    -5     0    16     8    32    32    14    -2    -5
 1928    24    22    19     6     4     4    10     0    16    11    23    35    35    38    35    32    19    18    23     0    -6    -2    16    18    28    33    29    24    18    21    20
 1929    10    -4   -12     0    12     6    15     6     4    23    24    28    32    25    20    24    -4    -6    -6    -2    -5   -12     2     9    15    23    21    24    20    25    20
 1930    -8    -5    13    15    29    25    24    22    24    24    26    24    25    25    12     3     5    17    12     8     5    -2    -4    22    20    18     6    11     7    -2    -1
 1931    21    17    26    24    24    18    17    14    28    32    34    23    23    14    18    21    29    26    31    33    34    37    34    33    23    23    34    30    30    30    28
 1932    29    28    34    19    27    22     0    -4    -5    -3    11   -14   -13    -2   -15   -27    -4   -13     2    17    25    19    30    30    23    18    30    14    24    23    -4
 1933    20    33    40    38    23    19    15    16    15    21    -2     9    14    14    26    21    19    15     9    21    11    21    25     0   -13   -18   -28   -13    -7    15    29
 1934    20    33    40    38    23    19    15    16    15    21    -2     9    14    14    26    21    19    15     9    21    11    21    25     0   -13   -18   -28   -13    -7    15    29
 1935    12     5    26     5    21    28    35    31    25     3     9    26    28    32    30    26    19    21     4    -8     3    13    11    -4   -11   -14   -16    -4    -4     7    22
 1936    19    19    18     7    11    -9   -13     5    19     2   -16     5     3    28    19    28    19    19    11    21    20     5    21    38    41    42    23    22    31    17    14
 1937    15     4    31    16     1     1    11     4     0     0    -5     5    16    15    23    25     9    22    23     3     4     9    -6    11    -1    -2    16    20    21    25    23
 1938    21    32    31    30    30    23    24    30    22    21    20    13    12    11    11    22     8    16     5    22    18     8    25     9     8    15    -5    -8     0   -10    -5
 1939    38    22    21    18    22    20    26    20    32    29    23    30    17     8    21    29    26    25    31    22    13     2     6    13    16    18    22    15    20     4    -4
 1940    -2    -9   -32     8    -3    21    21    15    28    20    18    13    -3    -2    15    21    15    20    30    16     7    14    13    33    34    32    30    29    31    31    30
 1941    37    22    26    43    31    14    24    21    16    -2     4    17    10     0    12    29    19    25    26    25    27    32    32    26    24    23     3    -1   -15    16    17
 1942    11    -8   -15    -2    -3    -1   -12     0    23    17     2   -10   -20     3    15    -4    19     5    -2     2    11    26    25    12    13    32    26    20    22    23    20
 1943    22    30    24    26    21    27    19    29    24    21    12    12     0    -8    -9   -10     8    10    24    10    10    -2   -12    -1    14    14    18     0     2    11     1
 1944     0    -4    19    31    23    23    25    13    26    24    22     3    12     1    19     9     8   -15     6    22    -7   -10    -6   -15     4   -22    -1   -16    13    25    12
 1945    26    31    18    15    12    30    14    27     4     0    -5     1    17     4   -14    -5   -17   -24   -20    -2    -9    -6    -1    17    22    10   -13     5    17    22     9
 1946    12     1    20    14    26    25    29    39    31    25    21    20    11     8    19    17     5    -3     1    15    20    22    21    18     3    12    17    23     5   -21   -27
 1947    21    22    23    19    17     7    24     2    -7    17    -5    16    18    20     7    -2     8    10    13    21     9     7     6    -2    15     3    16     8    12    22     2
 1948    14    27    20    35    27    22    16    12     6    -5    12    24    19    25    32    17    12    18    15    18    23     2    -2    -4   -15   -15    16    24    21   -13    11
 1949    24    17    20    27    20    18    22     4     0    20    33    11     6     1    -2    22    32    23    22    28    24     9   -17   -18     6    -3    12    10    14    24    36
 1950     8    27     9    -4    15    10    28    21     3     9     5    10     2   -11     7    -8   -23   -22    -1   -16    -1     6    16     6     4    -7   -36     6     4    -5     3
 1951    31    28    44    32    30    38    35    30    23    16    14    12     1     7    -7   -13    -9    -1    -8    19     2    -2    -5   -17     7    -7   -23    12     9    15    22
 1952    12    25    29    29    28    22    14    25    24    27    18    20    14    12     5    10    11    12    12    25    24    31    32    21     6    12    -4     2     4    23    27
 1953    11    33    36    26    21    25    27    26    26    17    26    16    31    18    11    -5   -14    -4    14    25    28     6    -3    18    22    27    23    17    23     1    16
 1954    26    13    19     5     7    -7     1    12    24     6     9    21    18    18    26    23    29    23     0     9    25    25    20    14    27    27    25    18     2     3     6
 1955    12    26    29    13     0    -8    10    11     1    -9   -10    -7    16     6     3    -5    -4   -15   -15   -15    -4    15    20    31    13    18     4    28     2   -14     0
 1956    14    25    25    24    31    20    15    12     4    19    20     5   -15    15    21    22    11   -10    20    14    22    30    27    20    14    19    31    25    17    10    23
 1957    16    15    16     5    12    27    23    16    15     7    -2    -3    18    20    20    22    28    32    31    30    28    28    31    18    28    18    15    14     5     5    10
 1958    16    11    30    23     5     0     1    -3   -20   -18    -5   -15   -19   -13   -16     1     5    16    15    -1     7    10    21    25     5    28    17    22    18     2     8
 1959    27    22    28    24    23    13     7    11    20    14    34    34    29    28    32    25    21    21    25    26    19    17    27    23    25    33    45    32    22    20    13
 1960     3    23    30    38    34    22    15     8     2    16    21     9     3    19    18     6     6    10     3     5   -10    -6   -22    -7    12    20     8    -5    22     8    14
 1961    38    38    35    26    19    31    15     8    25    -2   -10     3   -24     5   -18     0    23    25    25     9    15    26    23    11    -6    14    -3   -14     4    -8     2
 1962    28    48    43    41    22    14    13    18    11     7    -5    -8     6     1    15    29    18    22    30    23    17    20     0    -5     8   -26     3     5     5     7     4
 1963    12    10     5    24    24    23    26    29    18    15    19     5    -1    -3    -3   -15    -7   -11   -10   -15   -23   -17   -20    10    10    27     8     0   -10   -17    -8
 1964    11    15    17    16    -2    -5    21    16     5    28    33    31    18     5     0     5   -11    -8    10    -3     8     9    31    12     4    -8   -15    10    30    21     3
 1965    23    23    24    22    26    23    16    25    28    30    36    39    29    26    20    22    20    19    10    28    15    17    36    30    21    19     5     6    28    37    30
 1966     5     3    -2    15    27    32    21    33    28    16     2    12    16    14    18    29    34    27    28    31    26    10     3     4     7    -3     3    17     3    -6    -2
 1967    28    31    22    25    22    30    38    35    32    29    29    29    19    14     8    13    32    27    17    34    12     4     1    17     9     2    12    -3     1     5   -15
 1968    31    32    34    23    18    13    11     3    15    17    27    44    12     2    -1     7    10    15    27    16    15    22    11    -4   -15     2    22    22   -13     3   -17
 1969    22    24    28     8    13    29    29    19    16    19    13     0    22    20     0    -3    21    25    15     0    18    -6     8    -6    17     8    -5    24    13    10    15
 1970    37    22    32    26    11     4    19    25    23    19    21    27    15     0    -9    23    16    32     6    -9    -3    20     2   -13     2    -7    -4   -12   -13    -3     5
 1971     1    14    18    20    29    32    33    31    18    28    24     6     7    21    28    18     1     0    17    18    15    16    31    18    19    14     5     5    16    14     3
 1972    18    15     2    -3    10   -11   -17     3    -5    -4    -9     7    -6   -16    -4   -10   -12    16    19    28    20    18    25    26    20     8    13    16    27    27    10
 1973    19    32    33    26    18    11    -1    19    15     2     3    12    13    10    14    -2     2    17     6    -6   -10     6    14    26    32    29    19    19     1   -15   -17
 1974    24    15    13    19    16    29    31    10     3    20    23    20    28    28    28    21    16    14    20     5    13    12    18     8     3    11    29    28    24    10    21
 1975     5    15    18    22    36    15    16    25    22    21    26    18    29    26     5     4    -4    -6    11    21    16    18    20    20    23    18    16    20    20    25    22
 1976     0    -8     2    -5    11    -2   -14    -7     7    -3   -13     8   -10    12    15    25    25    24    23     0   -10    10    -5     2    16     5     2    -7   -11   -17   -24
 1977    18    18     1     2     4   -12   -13     7   -12   -16    -9     9    33    25    28    32    35    32    28    10    14    13    18    10    -8    -6   -14     9    14     9    14
 1978    11     5     9     0    23     0     0    -8   -10   -15    11    26    18    20    22    25    13    26    26    20     5    19    19    13    -5     1    -9    15    13     1     0
 1979    10     0    20    21    34    21    25    12    19    30    15     4     9    10    29    -3    -5    13    25    22    29    30    34    31    24    26    22    20    15    19    20
 1980    21     2    -7    17    30    34    32    19    16     8     5    16     9    18    18    25    26    11    -4    -5    -2    16    21    -1   -10    12    10    21    25    25    29
 1981    30    21    15    19     5    21    33    26    15     5    17    23    29     4     0    -8     1    -7   -13    -6    22    16     4     9    10    21    17     0   -10    14    14
 1982    35    52    33    26    31    21    15     8    -4    17     0    -3    14    32    29    18    14    30    27    22    14    26    34    34    27    16    28    11     7    10    23
 1983     5    13     3    24    24    12     6     3     9     5    26    17    20    28    13    -4   -16   -26   -27   -19     2   -21   -23   -25   -16    -8    10     2   -11    -7    14
 1984    24    18     1     1     6    -4     8    22    22    28    25    22    20    23    17    28    15     5    18    14    26     5     8    -1    -5     8    25    39    11     7    15
 1985    15    -6   -14    11     6    -2    13    12    12    20     0    -8   -18   -19     3    -3   -14   -15   -18   -15   -17     6    24   -10   -11    -1     0    -4     0    -3     8
 1986    31    31    27    18     7    25    25    15    11    -1     5    -3   -12    14    11    24    27    27     9    10     3    13    16    23    23    25    22    28    28    30    28
 1987    27    25    28    10    12    29    32    34    35    30    34    28    28    24    22    18     2    15    32    22    16    26    19    33    18     3     5    25     8    22     4
 1988     1     8    15    12    17    19    23     5     1     4    -8    -7    26    26     5    -4    13    15    12    28    14    28    32    22    10    20    13     3    -2    12     8
 1989    16    14     4    21    27    16     8     9    20    21     7    -6     9   -13   -17   -10     0   -11   -14   -15   -21   -19   -23     1    15    -7     9    27    24    20    22
 1990    31    14    24     7     6    23    10    12    17    17    22    17    21     5    29    20    29    20    17    10    -2   -18   -25   -18    -9   -28    -4    17    -2    -7   -14
 1991     2     0     6    -8     2    -1    25    32    20    23    16    26    18    15     4    -1    20     2     1    26    15    25    27    16    10    23    28    29    27    27    28
 1992    19    27    18    10    -1     8    23    21    23    28    23    24    30    31    32    24    21    12    13    -2    19     9     6   -14     7     0    14     9    29    27    -4
 1993    26    27    20    33    29    23    19    25    28    26     9    24    36    35    32    28    33    31    29    21    15    17     2     0     2    -2    -2   -14     5    -5    23
 1994    24    26    29    32    25    18    20    13    20    10    -3     4     3    14    23    28    23    17    16    31    27    24    16    17    12    14    33    31    16    21    23
 1995    29    23    25    16    23    18     9     4    -7    -9    -5    -2     7    26     7     2    11    27    26    10    11     9    19    19    13     8    12    -4    11    25    29
 1996    21     8    12    -2    25    26     7    22    20    24    30    31    26    27    17     6     9     0     1   -10    10    20    26    -3   -11    -5   -13    23     2     0    18
 1997    33    33    32   -19    17    23    17    22    24    24    22    19    15    11    26    24    13    27    26    22    10    28    28    24    21    17     7    21    20     8     3
 1998    29    44    44    42    53    32    21    20    22    25    23    28    24    22    29    31    21    31    22    18     4    -4     5     2     5     1    19     6     6   -11     1
 1999    31    35    45    40    27    14    27    28    24    17    15    23    15    24    30     4    15     5    19     2   -13    -7   -14   -10    10    10    10     7    26    19    18
 2000    28    11     7    25     0     1    18     8    -8     3    -3   -13   -12     2     9     9    -5    -6     3   -10    -8   -15   -11   -11   -32     2     3     0    11    12    12
 2001    31    22    24    44    49    28    23    28    17    32    20    34    25    24    24    40    31    23    22    16    14    31    17     9     7     6    12    14     2     0    -1
 2002    10    20     2     9     3     3    21    13     0    17    20    34    16    20    26    22    30    33    34    27    26    23    19    12    17     7    12    27    19    35    19
 2003    24    14    29    19    29    22    26    34    27    20     5    -5    -1    22    24    19     4    19    19     7    26    20    23     6     7    19    37    35    25    16    16
 2004    17    23    16    31    23    32    35    28    38    34    31    30    16     7    16    26    10    24    -4     8     9    -8    -7   -16    10     3     2    19    22    25    27
 2005    16    -3    13     7   -10   -11   -13    -7    -2     9    12    11    26    26    21     9    -3   -10   -16    -6    -1    -5    24    30    33    31    30    30    32    31    28
 2006    13    15     6     8     4    26     2     1    21    29    23    35    26    27    29    32    23    18    13    21    32    34    31    18    24    15    24    34    34    36    42
 2007     5    22     4    13    14    -9    12     0     7    13    16    14    19     5     0     4    14    17    18    20    32    25     5    10    17    16    24    16    12     2     8
 2008    17    03    19    01    04    16   -06    10    22   -05    10   -02    13    15   -05   -07   -03   -05    15    16   -12   -17   -09    05   -17    14    24    08    20    15   -05
 2009    23    28    25    10    12    17    17    13    10   -07   -12   -08    24    15   -06   -10    01    08    20    21    18    20    26    26    31    10    05    20   -04    09    04
 2010    16    14    09    20    02    01    05   -03    14    09    25    03   -07   -18   -18    08   -02    01   -06    01    18    14    08    22    21    11    10    08    03    31    17
 2011    28    11    29    26    22    18    12    15    04    02    24    33    31    35    30    15    24    16    24    18    27    25    09    11    27    17    29    20    27    31    22
 2012    35    31    32    25    16    33    31    19    32    17    06    18    33    19    38    30    20    21    29    26    10    01    06    10    01    02   -02    21    11   -02    13
