 1893    72    37    49    53    65    79    63    64    64    62    61    38    42    39    30    52    47    32    32    55    36    22    12    12    32    33    35    33    22    10
 1894    49    44    50    49    43    39    37    38    34    32    25    33    36    45    38    43    31    33    17    52    39    37    47    40    42    57    49    21    27    35
 1895    42    66    68    70    73    55    40    42    35    40    49    55    44    47    45    49    50    50    40    27    25    24    25    26    27    21    38    40    37    32
 1896    58    56    49    36    35    33    32    26    28    35    33    22    21    43    46    64    68    46    20    29    30    29    37    34    58    58    16    11    12     7
 1897    53    54    67    63    52    48    52    48    43    48    38    37    44    47    45    44    46    48    58    70    52    31    26    43    34    28    10    11     6    24
 1898    53    55    60    62    57    44    62    37    37    42    47    46    38    39    48    42    50    42    39    58    52    24     9    12    27    12    24    30    30    22
 1899    54    43    46    58    60    63    56    47    65    60    42    43    48    47    55    58    65    48    56    53    51    56    42    45    48    47    50    53    52    42
 1900    52    52    66    55    48    38    38    33    33    42    34    45    35    32    21    24    37    36    33    34    28    34    31    32    30    38    40    28    35    41
 1901    60    62    38    25    29    21    33    51    42    47    60    42    48    38    34    29    32    59    46    50    44    38    37    35    36    38    33    38    43    48
 1902    65    61    55    60    47    43    50    63    57    42    62    64    62    48    40    37    37    38    53    50    48    43    48    45    40    33    34    39    28    37
 1903    68    68    58    67    52    48    52    63    57    53    44    48    35    42    41    18    18    26    35    42    38    37    32    29    25    24    29    35    35    30
 1904    68    68    67    67    65    52    54    42    39    38    38    43    41    47    53    55    61    66    61    53    56    56    52    48    34    30    28    33    37    29
 1905    43    47    42    56    47    40    42    37    38    50    62    62    52    39    48    53    56    56    48    48    48    54    57    57    48    37    38    62    28    23
 1906    52    49    53    60    61    68    58    54    48    39    33    32    33    34    42    42    39    37    27    27    28    32    28    36    37    37    38    36    36    38
 1907    53    47    46    53    49    50    52    47    45    32    33    34    38    32    40    43    47    47    43    39    38    47    49    51    50    47    47    42    53    30
 1908    52    56    58    47    49    57    55    58    46    40    35    33    32    30    36    32    57    61    56    53    58    62    58    55    50    49    40    49    38    40
 1909    63    52    64    67    62    66    57    63    62    64    65    45    56    58    37    33    29    33    46    44    40    33    30    40    46    61    63    62    32    45
 1910    43    33    40    41    35    35    51    42    47    37    32    37    42    37    32    25    33    28    33    38    32    40    47    48    40    44    40    33    27    22
 1911    31    32    37    41    45    43    42    42    44    48    50    18    33    33    23    31    33    26    29    33    36    41    31    30    47    45    35    30    34    41
 1912    36    51    57    58    58    55    60    54    53    62    62    58    40    41    42    45    51    53    58    58    47    48    45    31    40    36    33    41    46    48
 1913    48    58    54    50    57    60    62    43    38    31    44    53    49    41    45    50    48    59    65    65    65    56    55    51    49    51    48    48    54    53
 1914    63    68    69    62    58    60    53    42    52    55    48    47    42    55    52    32    28    38    15    35    45    35    42    35    59    62    52    41    43    49
 1915    65    55    51    51    53    59    73    70    45    65    48    44    41    32    32    33    44    40    36    39    36    31    35    48    56    40    45    35    26    35
 1916    54    62    58    60    60    62    71    50    41    50    42    29    26    21    19    23    33    34    42    46    35    35    34    41    24    33    48    45    44    43
 1917    33    38    44    53    59    63    59    42    45    57    51    60    41    38    38    58    61    63    42    44    63    61    36    33    32    34    32    36    34    35
 1918    44    59    53    54    61    67    65    61    49    41    57    55    49    64    59    57    56    51    41    41    36    34    31    32    38    37    43    38    37    33
 1919    43    47    51    38    43    41    44    45    45    58    37    35    29    30    40    47    46    44    39    49    44    50    46    39    34    25    24    29    27    14
 1920    38    30    27    38    24    42    42    33    28    15    15    11    34    34    29    34    41    49    53    51    42    38    36    35    34    34    37    47    42    45
 1921    53    51    51    54    43    48    41    39    32    33    31    26    33    27    40    43    44    34    31    33    34    29    31    33    35    35    35    36    40    43
 1922    56    55    57    56    71    53    50    44    44    60    59    60    57    46    49    58    49    56    51    42    44    49    59    59    39    43    38    45    42    65
 1923    43    53    54    46    48    56    52    42    53    60    56    49    50    52    45    40    55    50    47    53    44    44    36    36    48    45    33    36    33    48
 1924    64    51    56    52    68    49    39    35    52    59    60    49    37    32    39    39    35    40    54    57    50    37    32    29    37    41    35    27    25    28
 1925    42    47    50    54    55    38    35    29    46    52    57    45    63    45    30    43    50    57    50    58    53    35    35    46    40    44    34    22    27    43
 1926    40    38    39    35    58    45    58    58    38    25    32    46    49    54    53    50    30    30    26    22    20    30    36    35    36    36    23    38    32    42
 1927    58    57    54    46    38    38    36    39    44    52    65    31    41    43    43    33    26    29    31    43    47    43    36    40    45    51    44    41    48    30
 1928    43    47    47    51    60    57    48    50    36    44    59    39    51    57    58    43    37    34    33    33    48    39    48    39    37    46    38    39    33    34
 1929    47    55    54    40    51    44    43    44    55    47    45    42    44    45    47    50    52    44    39    28    20    27    32    29    49    45    48    31    12    16
 1930    47    52    52    60    45    36    49    64    64    64    66    65    65    61    64    63    63    63    71    71    62    45    44    44    23    18    15    11    34    35
 1931    48    58    58    50    44    48    65    68    67    63    55    48    55    52    56    68    65    65    51    57    48    41    62    62    24    28    31    35    35    36
 1932    44    45    45    48    58    60    55    58    46    34    26    31    46    40    27    28    33    40    32    36    25    39    35    46    43    34    36    44    51    52
 1933    79    66    40    38    38    36    33    34    34    33    39    54    39    40    24    24    46    55    56    56    40    33    38    55    40    56    51    49    49    47
 1934    79    66    40    38    38    36    33    34    34    33    39    54    39    40    24    24    46    55    56    56    40    33    38    55    40    56    51    49    49    47
 1935    46    35    41    41    42    45    56    60    54    53    36    48    49    43    44    40    49    43    43    40    39    30    35    42    48    41    43    34    32    38
 1936    55    54    48    41    49    44    33    32    42    38    51    43    56    52    41    51    54    46    43    63    48    45    34    45    41    22    32    42    34    35
 1937    68    47    48    58    47    68    65    64    67    63    53    56    54    38    37    31    33    28    21    21    31    31    37    44    49    59    42    23    26    28
 1938    75    75    68    57    55    42    42    38    45    51    52    64   -99   -99   -99   -99   -99    50    50    46    56    30    35    22    26    25    28    39    51    43
 1939    44    47    44    50    52    55    54    48    63    57    52    50    59    63    65    69    70    59    45    38    37    45    48    44    41    44    46    45    51    40
 1940    61    55    69    65    54    45    46    42    44    49    61    18    20    18    24    45    48    52    48    41    52    37    36    41    36    34    30    21    25    23
 1941    42    54    55    46    42    40    37    34    37    32    39    58    53    52    60    51    73    68    65    39    39    36    26    42    45    59    59    59    53    50
 1942    36    41    46    49    47    38    49    50    49    43    43    58    45    48    64    67    59    56    63    50    41    34    47    54    42    31    27    21    23    25
 1943    45    43    46    46    42    40    38    36    32    33    35    39    32    38    31    28    49    55    43    47    39    43    37    40    46    40    35    38    31    51
 1944    76    69    57    45    42    40    56    58    50    42    52    61    68    60    48    52    45    40    45    44    38    34    38    36    35    37    31    27    28    25
 1945    63    50    35    43    68    65    58    63    38    43    41    59    52    34    44    60    43    49    46    42    35    24    30    38    26    38    34    38    35    31
 1946    45    49    48    54    56    50    51    42    41    40    41    51    51    56    56    55    39    47    56    59    51    52    38    48    34    47    37    51    32    37
 1947    53    55    56    52    50    45    51    31    39    31    33    29    36    41    39    34    37    34    38    40    48    32    32    30    26    25    28    28    18    27
 1948    72    66    61    57    58    50    48    42    41    40    43    40    41    42    41    40    52    50    50    46    35    33    34    33    34    42    52    39    42    38
 1949    62    54    44    43    48    65    72    60    65    70    48    52    52    44    36    37    38    36    60    47    30    40    34    30    31    39    36    48    48    42
 1950    73    50    44    42    58    52    59    42    34    29    31    31    41    51    62    55    39    54    51    29    43    34    34    12    25    30    26    28    34    25
 1951    31    28    29    19    29    30    32    46    58    60    55    57    58    45    35    28    26    28    27    42    46    35    27    25    28    29    38    43    47    50
 1952    72    66    51    65    54    49    50    55    47    40    54    60    65    60    61    57    63    62    42    42    49    47    42    36    36    41    18    20    25    27
 1953    62    74    67    49    40    44    49    48    50    58    51    52    63    65    66    73    69    70    63    60    42    35    47    42    35    30    27    25    33    38
 1954    36    37    46    41    45    53    67    59    56    63    64    56    65    46    54    65    69    57    45    46    45    45    48    40    31    31    48    39    30    28
 1955    52    42    34    48    58    53    32    34    48    50    48    46    39    37    40    30    28    27    35    45    37    42    39    38    34    47    40    17    20    25
 1956    68    66    62    61    60    52    45    40    43    47    58    50    62    56    50    29    37    48    42    34    30    20    20    30    39    30    36    35    23    38
 1957    58    54    51    45    45    50    49    46    34    46    56    49    44    45    46    43    35    33    31    33    30    26    41    40    32    37    43    33    32    23
 1958    62    61    65    64    60    48    55    53    40    57    58    54    63    63    58    56    67    66    54    47    48    46    44    34    40    26    21    22    18    21
 1959    57    48    63    51    46    23    36    44    46    56    46    30    29    22    30    30    13    38    34    33    40    51    36    34    25    29    26    25    30    39
 1960    44    40    58    45    42    42    44    46    40    35    48    54    57    57    63    51    51    47    53    58    59    52    50    52    62    58    54    58    29    22
 1961    53    64    57    49    42    35    44    37    53    53    63    54    51    41    51    51    46    34    34    34    35    35    39    45    47    51    39    37    34    42
 1962    46    44    47    41    41    49    45    38    44    54    48    44    57    58    48    42    39    32    35    52    50    41    44    42    48    53    50    50    60    59
 1963    47    50    63    56    58    58    56    60    63    57    48    41    37    42    56    59    60    56    58    48    55    60    34    35    42    38    55    45    39    34
 1964    59    66    73    65    53    54    62    65    62    60    66    65    63    70    66    51    47    40    31    22    13    34    43    40    54    39    34    33    12    12
 1965    60    68    68    53    66    65    58    52    43    40    42    52    38    38    46    45    37    38    45    40    43    47    45    39    40    52    34    22    27    28
 1966    37    32    32    42    42    48    60    55    36    38    42    33    50    45    55    62    55    41    35    44    49    60    61    55    48    48    46    35    43    37
 1967    47    46    40    30    29    40    40    54    55    56    65    59    38    44    38    45    46    48    39    32    38    36    35    43    37    34    25    22    26    38
 1968    64    56    55    52    53    45    39    38    34    35    39    40    42    45    45    38    39    36    32    32    52    53    53    50    38    38    38    34    34    45
 1969    46    41    40    43    58    65    65    58    54    60    57    45    36    21    35    46    53    49    30    21    37    41    38    53    47    46    28    37    33    53
 1970    43    41    41    52    55    58    51    49    53    56    50    46    40    33    37    42    50    46    37    38    46    41    16    26    40    39    36    37    39    38
 1971    41    50    40    42    50    33    30    36    52    56    61    55    49    60    59    60    60    59    37    41    33    28    33    33    36    35    31    29    28    32
 1972    43    47    43    48    57    50    46    37    40    42    42    41    33    38    34    35    32    38    38    34    32    27    35    46    34    32    29    29    23    37
 1973    44    45    35    34    30    37    39    36    29    37    48    58    63    54    43    45    50    50    48    50    50    42    44    41    40    42    42    33    47    45
 1974    64    54    42    40    45    48    57    61    54    48    48    35    31    27    37    45    55    49    49    41    38    54    49    39    28    36    37    29    31    29
 1975    62    60    63    64    57    62    60    55    60    49    48    37    30    40    61    65    63    59    64    48    26    30    34    24    18    21    25    29    51    49
 1976    54    56    45    40    40    49    40    34    49    36    27    24    26    35    40    47    50    58    45    38    34    24    22    39    52    47    29     8    13    14
 1977    52    55    61    57    60    59    54    57    58    34    37    36    40    49    49    49    43    39    38    57    37    31    32    29    11     8    24    23    30    33
 1978    61    70    73    68    62    48    52    62    60    58    52    35    55    35    39    34    33    34    25    19    21    25    32    32    37    29    34    26    37    13
 1979    50    47    42    55    41    36    38    35    30    29    33    34    33    35    45    47    62    64    62    48    42    43    35    40    41    36    39    24    24    26
 1980    46    53    60    50    52    66    56    58    58    45    40    51    52    34    37    44    35    38    48    42    45    53    45    31    36    44    36    36    39    53
 1981    57    58    66    58    53    53    63    49    43    51    49    53    58    62    54    56    50    51    44    30    24    24    32    33    34    34    34    31    36    33
 1982    54    55    48    31    29    49    59    45    39    48    41    51    24    23    36    43    47    52    54    61    44    43    35    28    38    33    34    34    36    41
 1983    62    61    60    51    55    53    55    54    51    40    38    32    34    44    38    39    41    45    56    55    46    36    36    29    39    33    33    35    31    18
 1984    48    31    51    50    47    56    50    60    49    44    38    42    50    52    52    38    40    34    30    43    39    41    48    51    53    60    57    31    34    28
 1985    44    50    46    47    52    44    51    38    50    28    33    38    44    46    36    34    44    60    29    17    22    28    19    28    30    28    15    17    22    34
 1986    53    44    49    45    51    59    56    39    32    27    19    14    19    32    41    43    36    28    31    33    33    47    39    38    45    42    38    41    44    35
 1987    54    65    67    61    52    51    46    47    41    42    56    59    57    57    60    56    55    42    46    40    40    56    46    37    37    38    37    44    42    33
 1988    55    47    61    57    44    38    41    56    52    47    42    38    55    48    63    63    39    49    46    33    26    42    53    57    54    46    43    32    33    31
 1989    42    37    33    55    56    45    46    47    44    43    54    46    58    47    38    35    29    21    59    54    40    26    27    44    41    44    41    35    30    43
 1990    72    69    53    38    41    38    34    32    47    46    51    47    47    70    69    64    53    55    57    54    71    55    42    55    53    46    60    36    40    50
 1991    38    17    18    20    32    31    21    26    37    34    34    34    52    44    50    45    43    52    50    53    48    46    31    20    19    28    33    24    33    49
 1992    42    45    36    34    33    30    30    38    53    51    43    42    36    34    34    45    44    43    39    50    49    35    37    36    35    31    35    25    25    30
 1993    47    50    54    54    53    28    44    42    47    46    48    42    54    39    42    35    48    41    39    47    50    44    48    40    35    33    26    25    26    27
 1994    53    62    60    52    47    52    63    60    53    53    56    51    55    58    49    50    56    44    40    42    46    38    44    51    45    42    35    35    31    40
 1995    39    35    28    33    36    49    44    31    43    49    31    30    34    34    37    41    38    40    50    45    34    42    39    32    42    37    34    21    24    39
 1996    35    37    57    52    45    53    50    41    36    28    28    29    30    31    35    56    54    28    27    27    32    29    32    31    23    12    19    37    38    34
 1997    41    41    36    34    38    43    46    45    41    39    33    31    34    37    33    26    34    34    34    40    39    35    31    34    50    47    46    51    48    40
 1998    53    51    47    44    40    37    37    40    41    55    41    40    45    47    54    44    41    50    53    38    47    57    55    56    59    63    67    64    66    66
 1999    58    42    54    61    57    56    63    78    73    54    45    53    75    50    52    49    52    71    42    45    57    56    45    46    47    41    44    44    35    38
 2000    73    73    58    60    61    55    45    34    33    37    37    39    39    33    40    40    26    25    35    25    19    26    35    39    39    40    37    32    35    38
 2001    71    66    68    67    66    73    76    74    59    57    56    61    59    63    67    61    65    64    59    45    62    59    55    57    57    39    39    37    37    39
 2002    39    48    48    46    37    51    64    62    63    59    44    51    52    52    34    34    38    39    51    56    52    38    45    41    29    32    28    38    47    45
 2003    42    45    43    44    40    32    42    42    42    41    59    57    40    46    44    47    52    56    56    64    58    39    36    30    41    41    41    34    43    56
 2004    46    47    54    54    58    71    65    50    61    62    55    44    49    46    49    56    67    64    51    46    43    43    43    37    38    38    37    37    33    39
 2005    58    72    70    61    51    53    64    63    60    54    59    61    62    43    40    33    22    40    43    39    49    42    35    19    19    36    50    54    40    24
 2006    41    37    42    62    61    60    59    73    73    49    36    41    41    38    41    37    42    41    40    49    53    56    58    56    53    49    49    61    59    28
 2007    57    57    55    58    56    40    42    44    44    48    55    59    55    53    40    49    49    40    47    47    39    32    32    40    42    39    36    37    29    25
 2008    69    66    75    73    70    68    52    36    35    37    35    43    51    47    41    35    34    32    43    35    26    34    45    42    37    43    41    45    43    38
 2009    59    59    49    45    56    64    67    71    66    60    58    55    55    54    44    48    50    48    47    53    50    57    54    51    47    39    41    54    48    44
 2010    52    54    58    55    45    51    64    65    69    68    64    53    44    38    48    46    42    39    41    38    44    45    34    33    33    28    33    49    45    42
 2011    67    67    49    52    53    61    57    53    46    44    48    56    55    58    56    53    39    51    51    40    37    44    43    58    57    51    40    37    39    44
 2012    51    48    47    47    48    46    45    54    52    73    70    32    52    53    54    53    57    57    56    58    65    63    56    30    38    38    33    40    49    47
