 1893   -99   -99   -99   -99   -99   -99   -99   -99   -99   -99   -99   -99   -99   -99   -99   -99   -99   -99   -99   -99   -99   -99   -99   -99   -99   -99   -99   -99   -99   -99   -99
 1894    86    84    82    78    87    97    81    84    88    87    96    95    86    89    95    93    97    97    96    85    85    89    97    91    90   104   100    92    92    95    81
 1895    92    80    86    83    94    93    92    81    75    76    78    75    93    92    90    88    89    94    91    86    78    77    82    83    84    80    81    85    82    75    80
 1896    85    89    88    77    80    76    77    82    81    85    88    92    92    95    90    73    79    82    80    85    81    76    67    73    79    84    86    84    91    86    71
 1897    87    88    92    87    88    91    94    97    88    84    85    80    78    80    82    85    87    88    90    83    80    73    80    85    80    78    82    85    90    89    82
 1898    88    78    74    82    83    86    88    84    78    77    82    83    87    86    93    89    93    94    88    77    82    85    88    89    92    84    87    91    88    78    78
 1899    87    80    75    82    85    88    72    80    81    83    87    83    74    74    79    81    86    88    89    90    92    93    92    84    90    80    82    84    74    78    81
 1900    77    85    90    94    87    90    85    79    80    88    75    82    83    88   -99   -99   -99   -99   -99    71    79    81    80    81    82    81    87    87    81    88    88
 1901    97    96    96    92    83    80    75    85   100    97    92    97    99    99    99   101    96    98    98   105   107   100   105   107   105   103    99    92    88    82    83
 1902    72    78    88    87    86    82    81    78    77    68    76    82    86    90    83    89    86    70    68    68    78    80    81    84    86    82    80    84    85    88    82
 1903    83    88    83    77    80    84    90    87    87    89    80    77    74    76    78    82    77    79    78    80    82    79    84    83    88    78    84    87    82    67    70
 1904    70    75    77    77    74    69    74    74    72    79    78    80    72    78    86    92    90    92    85    83    78    76    74    76    77    82    78    78    73    79    81
 1905    76    83    75    73    78    78    80    72    73    76    77    82    85    88    92    94    98    93    88    82    81    78    72    68    77    73    67    77    78    82    80
 1906    78    74    78    80    78    79    82    84    90    87    92    92    88    85    77    94    80    83    83    89    92    87    79    85    82    82    88    80    83    82    87
 1907    77    79    88    92    93    82    88    84    78    78    79    83    84    82    80    85    82    83    84    84    91    81    87    89    88    77    79    82    80    87    80
 1908   -99   -99    82    74    88    86    82    86    88    98    95    87    81    84    88    87    85    83    86    84    83    86    88    87    88    94    88    92    95    87    85
 1909    98    97    82    72    67    65    89    82    84    91    88    86    85    87    82    84    93    95    85    95    95    83    83    92    82    73    83    95    97    83    96
 1910   103    97    90    92    96    92    98    97    84    88    93    82    95    90   105   103    92    92    92    96    98    88    92    92    99    98    80    95    96    87    92
 1911   104   108   103   104   104    94    96    97    87    93    89    87    88    91    96    77    84    83    81    92    83    84    92    70    72    86    88    85    92    96    90
 1912    82    91    94    98   102    96    95    91   100    90    86    92    87   101    80    86    77    73    68    71    72    90   100    89    83    88    78    88    82    82    75
 1913   -99   -99   -99   -99   -99   -99   -99   -99   -99   -99   -99   -99   -99   -99   -99   -99   -99   -99   -99   -99   -99   -99   -99   -99   -99   -99   -99   -99   -99   -99   -99
 1914    80    84    90    88    91    91    81    84    92    95    99    95    85    85    92    86    78    82    83    92    93    94    91    86    92    95    96    81    81    78    79
 1915    82    71    71    63    72    72    68    78    75    79    82    86    88    81    90    84    82    82    75    75    76    78    79    75    70    75    80    76    80    77    83
 1916    92    95    93    85    80    90    92    91    91    87    93    97    88    91    83    95    92    95    96    87    92    92    85    93    98    98    97    97    99    98    98
 1917    84    79    70    65    73    78    82    80    81    81    77    77    76    76    80    82    78    86    88    87    92    78    85    87    91    91    94    91    99    98   100
 1918    64    80    90    85    83    86    79    70    78    76    82    80    82    72    84    68    79    77    86    93    95    93    92    82    86    91    87    91    88    76    77
 1919    93    91    94    84    81    88    85    89    90    82    86    84    90    86    84    86    90    90    91    91    86    90    93    90    97    98    95    89    96    97    85
 1920    80    85    81    75    71    63    74    75    81    81    81    79    82    77    77    77    84    82    79    83    85    84    88    80    75    78    82    86    88    88    80
 1921    97    93    90    92    94    93    87    87    91   101   100    97    96    91    91    90    97    91    85    85    90    81    88    90    91    90    87    83    89    84    80
 1922    75    75    80    80    84    72    67    72    86    78    84    81    82    86    81    83    77    76    85    82    84    85    84    79    82    85    84    84    74    86    84
 1923    76    77    84    86    89    90    93    91    95    93    88    89    90    90    92    84    86    91    93    92    95    99    97    88    85    87    79    88    88    93    90
 1924    71    76    76    80    83    82    80    83    78    86    82    79    78    80    76    84    81    76    73    85    79    88    87    77    83    85    86    89    83    85    75
 1925    93    88    88    82    87    87    83    82    82    85    98    95    94    90    90    85    88    79    80    82    81    77    80    87    77    82    73    72    76    71    68
 1926    73    79    79    86    88    89    90    92    90    78    84    78    75    81    86    96    95    95    99   102    95    88    85    86    85    85    81    87    84    73    71
 1927    83    73    72    72    85    89    84    85    84    88    92    89    82    85    91    85    79    84    77    80    84    79    82    85    88    92    94    95    89    82    82
 1928    85    88    90    84    86    90    91    86    79    86    86    79    77    86    87    89    88    86    85    87    83    81    87    88    91    86    71    74    79    78    84
 1929    84    77    83    87    88    80    87    87    75    84    86    89    89    76    83    89    88    81    76    76    85    94    88    93    93    95    93    86    90    92    86
 1930    73    77    75    82    90    86    88    88    93    97    93    93    80    79    79    91    95    91    95    99    85    83    88    93    94    95    97    83    85    81    87
 1931    98    86    87    84    75    87    78    82    82    83    83    85    87    99   101   100   100    98   100    89    86    92    94    88    96    98    98    96    90    97    98
 1932    73    75    75    74    82    84    76    82    86    82    82    92    96    95    94    91    92    93    97    97    96    94    86    92    87    86    86    79    80    86    87
 1933    88    82    80    80    86    91    87    80    85    88    86    95    89    89    76    81    85    87    91    97    89    85    88    86    83    87    89    91    95    96    90
 1934    88    82    80    80    86    91    87    80    85    88    86    95    89    89    76    81    85    87    91    97    89    85    88    86    83    87    89    91    95    96    90
 1935    88    85    92    87    91    86    81    84    88    91    96    85    86    87    83    89    87    98    94    92    93    86    91    91    88    91    93    93    91    89    93
 1936    89    88    81    87   101   106   104   101   104   103   107   101   109   111   102   103   106   100    87    86    91    96    89    79    95   102    96    91    83    88    91
 1937    82    88    87    88    89    89    94    95    92    96    87    88    87    85    89    82    80    79    88    90    93    94    95    90    78    80    88    87    90    93    89
 1938    86    86    87    85    88    85    86    85    89    89    89    91    90    85    86    84    89    92    87    83    80    82    82    91    85    76    88    85    89    82    83
 1939    86    89    91    95    90   102    90    92    91    92    90    99    95    90    87    79    74    76    79    85    84    87    92    90    90    95   100    84    83    87    94
 1940    81    76    77    85    87    88    91    89    92    90    75    71    76    85    77    83    81    96    99    96    93    97    99    96    93    76    83    87    84    89    83
 1941    79    71    77    83    80    86    84    80    90    83    73    74    79    82    83    78    87    78    78    84    89    91    93    96    93    94    93    96    97    92    93
 1942    70    75    75    82    79    73    81    84    79    86    90    88    84    79    85    94    93    92    83    84    77    78    81    80    84    84    84    83    80    84    85
 1943    74    82    79    83    84    76    83    88    90    89    92    93    93    85    87    81    82    86    84    85    84    81    82    88    89    89    89    81    85    88    88
 1944    80    81    87    86    87    86    87    84    78    79    86    77    84    82    80    82    76    86    81    79    79    84    90    88    85    80    83    78    76    84    85
 1945    67    70    81    85    81    79    81    86    79    74    80    85    79    77    81    78    72    84    88    88    91    94    92    94    82    84    85    71    85    77    93
 1946    77    84    82    82    89    92    88    90    92    96    82    85    90    76    76    80    80    98    85    89    84    83    87    74    77    84    81    91    92    79    84
 1947    78    82    82    81    77    78    77    83    81    86    87    85    87    86    83    88    91    76    79    75    72    76    81    82    85    94    84    88    91    95    77
 1948    79    92    89    88    94    95    86    96    93    88    91    93    80    79    81    88    83    84    87    91    93    82    78    85    83    88    85    89    91    79    85
 1949    98    98    99    99    94    93    89    84    80    86    86    89    92    81    87    90    88    86    86    84    86    85    87    84    94    94    89    94    94    80    83
 1950    85    80    84    88    86    79    83    83    82    86    88    84    71    78    82    82    78    78    70    76    75    81    80    78    81    82    86    88    87    86    85
 1951    76    71    79    78    73    79    90    87    81    77    65    77    81    83    86    83    81    85    78    81    85    84    88    87    86    88    89    83    85    82    83
 1952    83    91    88    89    88    88    84    76    82    84    85    90    85    77    78    87    85    85    89    89    91    92    89    82    95    92    92    87    79    76    82
 1953    89    84    83    81    81    81    79    73    76    80    82    78    80    81    87    87    81    88    93    86    79    85    82    80    90    88    85    85    83    76    85
 1954    79    83    81    82    84    96    88    78    81    84    92    91    93    90    83    83    86    88    95    92    80    82    79    83    88    89    89    83    89    88    78
 1955    89    88    93    92    85    85    88    92    90    83    80    86    89    90    83    74    86    89    90    91    93    96    89    82    88    98   100    99    99   100    99
 1956    88    82    77    69    79    88    84    75    76    85    84    85    82    82    93    86    82    77    75    74    71    78    84    87    84    91    90    75    78    72    71
 1957    77    88    86    87    83    91    95    84    82    90    92    92    86    86    84    82    85    90    91    92    92    81    79    77    81    85    83    80    90    88    91
 1958    89    83    84    79    76    80    76    76    85    82    75    85    82    78    76    74    73    80    79    76    79    82    83    83    86    85    83    86    84    81    85
 1959    66    77    80    77    80    79    85    83    80    81    75    80    82    85    86    81    86    81    82    85    86    86    86    81    82    89    87    89    90    87    92
 1960    76    76    72    73    73    78    82    85    80    75    84    82    78    75    81    83    87    85    85    87    92    94    86    86    83    88    90    89    89    83    81
 1961    88    78    79    76    72    85    79    76    82    81    80    84    80    78    75    81    87    83    83    85    80    83    79    84    89    86    85    90    91    90    78
 1962    80    79    74    72    82    86    89    86    81    86    85    83    78    70    69    75    80    83    80    85    84    80    75    85    82    75    73    69    80    76    81
 1963   100    87    80    78    73    77    81    80    85    86    87    82    78    77    81    88    88    86    85    85    87    91    87    87    86    87    86    84    86    85    86
 1964    88    91    90    81    79    84    91    92    88    85    83    78    82    85    90    90    96    97    96    93    95    97    95    97    92    91    98    96    87    81    84
 1965    79    83    84    87    83    75    84    86    82    77    80    80    82    82    82    88    86    82    76    76    83    96    99    96    88    86    83    80    82    83    79
 1966    92    92    93    94    93    81    84    84    88    95    97    95    91    75    77    81    87    94    92    78    79    80    83    88    91    88    89    88    80    83    84
 1967    87    72    65    62    72    76    80    78    81    87    86    84    72    78    81    82    84    89    90    86    89    90    90    86    87    91    84    83    88    83    90
 1968    74    72    77    83    82    83    85    85    83    77    84    83    90    90    88    85    83    87    85    80    90    79    77    84    81    85    82    77    79    82    80
 1969    75    82    81    92    86    80    67    71    84    88    89    93    90    85    87    90    87    82    79    82    80    84    86    84    85    80    75    81    86    86    80
 1970    94    92    90    72    81    80    85    79    82    88    92    90    87    88    87    87    90    85    79    75    80    80    80    90    89    92    87    91    88    91    91
 1971    83    84    85    81    77    85    86    80    80    73    80    81    79    81    77    88    82    80    75    84    85    82    80    80    77    69    74    70    74    67    75
 1972    85    81    72    67    74    72    74    73    81    86    84    80    80    78    76    80    79    78    75    87    90    87    86    84    79    69    65    72    80    81    77
 1973    83    82    84    79    82    86    88    89    81    78    81    93    88    77    77    81    82    86    82    77    70    75    79    85    84    76    76    73    81    77    71
 1974    88    94    89    85    82    82    88    92    88    83    73    88    94    90    84    82    87    89    92    89    86    82    83    80    78    85    81    83    78    74    76
 1975    89    88    91    88    85    82    84    81    78    68    71    63    71    78    85    86    88    90    87    84    87    85    79    77    80    85    85    90    89    90    89
 1976    77    80    80    85    87    85    81    85    93    95    91    88    92    89    81    80    79    88    84    87    82    83    89    86    90    86    88    82    77    88    76
 1977    76    85    89    93    93    92    87    82    79    79    84    81    88    95    90    89    87    86    91    92    82    79    82    82    79    73    76    82    83    88    85
 1978    85    77    72    75    89    89    80    80    77    75    73    71    77    82    82    90    85    86    87    85    77    78    80    80    86    82    77    78    76    74    79
 1979    84    84    85    77    72    73    75    82    86    87    86    88    78    83    85    77    76    81    79    82    80    87    84    76    81    83    78    81    82    84    77
 1980    84    80    82    85    85    83    99    88    87    94    95    87    89    92    89    85    92    85    85    81    80    79    80    84    73    75    81    85    86    90    84
 1981    79    79    80    85    89    89    86    89    88    86    79    93    89    84    75    84    85    87    85    80    76    74    70    81    80    76    67    74    76    79    84
 1982    78    74    88    94    91    85    80    82    80    78    81    85    84    85    81    84    88    82    83    86    81    83    86    84    90    89    79    82    83    78    85
 1983    82    81    85    81    72    78    80    88    89    87    90    89    90    90    87    86    90    85    94    97    96    92    82    81    85    85    83    84    88    91    88
 1984    82    83    82    80    83    70    76    73    86    82    84    88    89    88    81    83    71    79    87    87    88    89    91    82    79    79    80    81    81    80    84
 1985    85    82    84    89    79    86    92    94    93    82    85    82    86    89    79    83    86    88    86    84    85    81    82    85    82    84    86    84    81    75    67
 1986    69    80    82    91    92    91    79    84    81    78    82    82    80    82    87    93    94    95    94    85    83    87    88    93    90    87    87    86    88    86    85
 1987    80    87    84    83    83    86    87    88    88    87    89    88    78    75    76    81    89    88    90    92    92    90    90    87    90    91    89    87    94    94    96
 1988    79    84    86    92    95    96    95    94    93    83    81    84    91    93    97    95    91    88    85    82    82    85    88    88    83    87    94    94    93    95   101
 1989    89    90    92    91    94    97    96    93    97    98    95    83    81    81    84    85    88    85    74    80    81    80    85    88    89    91    94    90    82    76    85
 1990    87    85    98    98    85    79    83    88    84    82    79    76    74    75    79    86    86    87    87    81    80    77    79    79    84    83    78    86    83    78    76
 1991    92    88    85    79    87    90    89    79    82    83    85    85    82    84    87    91    90    94    93    89    89    88    87    83    78    78    80    75    73    80    87
 1992    87    86    72    77    75    78    78    85    83    79    77    81    80    67    77    80    79    77    82    74    73    71    61    66    81    79    82    81    78    69    77
 1993    74    82    86    80    77    82    80    80    82    82    77    75    74    75    81    81    79    79    78    78    76    74    78    82    82    83    85    85    78    83    75
 1994    80    78    76    82    86    86    89    87    71    76    86    85    71    69    82    81    80    83    83    79    75    79    83    82    79    73    75    80    80    80    84
 1995    69    75    80    81    78    76    78    81    82    90    93    96   102   100    96    81    82    82    82    81    83    87    84    88    89    85    86    88    88    92    90
 1996    84    82    81    83    83    82    83    83    72    79    79    78    78    76    81    88    85    92    91    74    79    84    81    81    79    82    80    79    79    78    79
 1997    90    88    68    71    77    76    75    80    76    78    84    87    85    88    88    91    90    84    75    88    87    79    82    81    89    91    89    81    80    74    78
 1998    83    85    84    76    79    83    85    83    85    85    83    84    89    89    88    85    82    87    88    88    84    82    77    77    78    82    85    86    85    81    81
 1999    78    78    87    92    92    91    85    86    86    80    80    82    83    88    92    91    82    83    82    82    85    91    89    92    95    94    87    90    94    94    94
 2000    82    82    75    75    82    84    83    91    89    86    84    83    87    86    85    85    84    79    70    74    76    77    80    81    80    79    78    78    78    82    86
 2001    90    71    88    88    84    82    87    95    95    92    89    84    85    88    87    87    88    90    90    87    91    82    84    89    85    79    81    86    87    91    96
 2002    91    88    87    86    86    86    89    92    91    87    77    80    83    85    86    88    91    92    84    84    95    96    82    76    81    88    87    90    88    92    90
 2003    85    88    89    85    87    86    85    80    74    71    78    80    82    82    81    81    88    88    82    83    80    76    78    79    87    90    88    85    87    85    84
 2004    88    86    85    87    83    76    72    78    77    84    83    86    87    84    85    84    81    82    84    90    84    83    78    75    78    82    80    81    82    82    81
 2005    80    76    83    82    77    79    82    83    87    89    89    88    91    92    92    92    94    93    88    90    89    88    88    88    85    79    74    79    81    85    86
 2006    90    88    86    78    78    81    81    80    89    87    77    85    85    88    92    92    95    94    87    86    85    84    84    89    88    88    89    91    94    93    95
 2007    79    80    85    85    85    84    90    93    93    86    79    78    77    82    83    83    83    83    81    81    79    78    79    85    86    89    89    82    83    86    86      
 2008    83    84    80    78    81    83    87    83    83    83    85    78    78    82    88    88    86    82    82    84    85    82    80    80    83    82    82    85    86    88    88
 2009    68    78    80    77    82    83    83    76    76    79    79    79    80    76    78    78    72    65    72    76    76    79    81    82    75    80    83    83    77    76    77
 2010    80    82    87    87    78    83    82    80    84    84    85    78    83    92    91    87    89    89    82    82    84    86    84    84    82    84    90    89    81    79    84
 2011    95    95    85    85    85    85    85    88    88    86    87    85    75    76    81    86    92    93    96    96    94    85    88    87    84    86    86    80    86    87    90
 2012    94    97    98    99    99   101   101    87    89    88    89    90    91    86    93    97   100    98    86    85    87    91    89    87   100    98    87    83    84    94    95   
