 1893   -99   -99   -99   -99   -99   -99   -99   -99   -99   -99   -99   -99   -99   -99   -99   -99   -99   -99   -99   -99   -99   -99   -99   -99   -99   -99   -99   -99   -99   -99
 1894    45    52    54    50    52    65    54    49    38    37    45    59    58    64    67    73    72    76    65    50    54    58    69    72    73    75    77    75    79    75
 1895    44    46    53    67    72    61    53    59    67    58    65    62    57    64    58    62    64    66    68    74    59    65    71    80    79    66    79    80    78    88
 1896    53    32    42    51    55    48    46    50    49    50    76    78    72    75    85    79    80    77    70    69    68    57    67    70    80    70    79    75    75    74
 1897    52    51    52    48    44    48    50    52    53    49    54    44    44    57    44    47    62    70    41    47    69    78    75    67    64    63    72    65    62    60
 1898    47    46    54    48    43    50    62    52    63    60    69    68    45    62    72    80    62    44    44    58    53    59    58    62    53    67    64    65    72    71
 1899    25    34    42    43    47    37    43    48    52    61    63    74    79    60    48    74    70    45    68    62    53    67    74    78    83    80    74    82    62    63
 1900    52    54    51    54    63    74    77    62    55    48    38    34    57    68    62    49    51    62    73    77    67    73    75    72    77    74    82    82    80    72
 1901    49    51    55    57    50    52    53    56    61    64    62    53    57    62    66    50    42    47    52    58    53    67    65    75    74    77    85    85    88    85
 1902    34    41    54    57    67    57    58    56    60    60    53    52    54    56    60    54    63    65    63    68    86    82    57    64    57    56    69    72    63    56
 1903    70    72    44    52    55    52    62    71    67    60    63    52    44    42    59    61    63    63    57    63    56    58    64    55    58    65    73    62    66    67
 1904    42    34    48    52    52    57    60    50    37    48    44    46    57    50    47    43    49    53    47    52    57    53    70    70    57    65    68    73    77    74
 1905    71    62    59    48    46    45    48    66    67    53    53    60    43    43    42    43    50    57    62    55    57    62    68    72    59    58    69    67    65    58
 1906    52    60    62    45    57    56    71    52    52    48    68    70    69    55    52    63    71    79    72    67    69    57    62    77    82    62    78    65    54    68
 1907    53    63    58    59    48    53    44    40    42    48    50    39    39    49    53    43    48    51    50    54    59    68    63    50    43    57    62    46    39    54
 1908    44    35    53    66    58    50    50    48    60    63    50    72    71    80    55    53    65    70    77    70    73    83    82    72    57    60    45    44    45    54
 1909    48    50    51    56    58    46    50    35    33    48    61    58    50    39    50    63    68    57    57    63    52    41    50    67    60    60    48    42    38    39
 1910    68    76    72    80    57    57    68    68    71    80    68    63    73    77    66    46    40    41    51    70    72    67    30    37    59    69    83    90    93    61
 1911    37    33    32    40    37    37    46    45    50   -99   -99   -99   -99    56    51    61    77    62    62    69    66    57    59    64    66    71    75    63    74    74
 1912    48    43    52    70    72    64    49    65    64    69    73    71    65    64    49    44    48    58    59    63    67    53    68    65    71    61    61    47    63    66
 1913    62    58    57    41    52    58    48    47    42    40    42    57    64    73    79    82    77    72    64    64    79    83    82    78    65    50    62    75    72    79
 1914    46    53    42    38    51    48    41    30    47    51    43    67    70    76    77    82    82    75    54    62    63    67    64    73    73    86    83    71    61    51
 1915    43    44    50    58    60    62    60    71    63    70    56    57    63    69    77    75    76    82    80    82    77    81    84    85    83    81    70    84    67    72
 1916    52    57    43    47    39    38    37    45    49    60    63    81    61    61    57    50    60    58    66    60    49    45    61    63    54    57    64    68    61    61
 1917    49    47    49    51    46    51    57    48    48    52    68    60    56    49    48    54    47    74    82    66    65    68    65    60    56    43    47    57    47    44
 1918    68    66    50    48    53    56    42    46    46    52    58    60    62    68    69    67    68    49    48    48    45    45    57    50    58    59    68    59    46    49
 1919    52    46    50    55    66    70    67    47    45    53    44    57    65    56    46    39    54    62    70    70    66    75    74    48    56    61    60    66    59    53
 1920    69    42    32    32    33    34    37    46    49    64    65    43    48    54    60    58    54    56    53    62    73    67    51    60    61    55    47    57    62    62
 1921    67    75    79    79    78    71    65    57    49    51    63    69    60    58    50    35    58    66    71    73    62    59    66    81    80    58    54    56    61    61
 1922    52    51    56    61    59    68    65    62    57    52    53    52    52    56    64    68    66    64    46    63    59    64    64    62    57    65    69    62    67    68
 1923    38    44    43    46    50    48    35    38    39    55    59    61    56    45    44    48    56    69    76    73    67    55    57    55    65    66    62    65    70    75
 1924    29    45    58    62    49    53    60    60    51    41    42    55    72    71    69    69    56    53    55    52    48    57    70    79    72    56    52    52    64    59
 1925    65    56    69    59    55    65    72    62    58    72    74    68    74    73    56    65    61    51    61    49    64    70    79    72    77    68    66    59    53    62
 1926    36    41    45    41    30    33    42    43    58    63    53    62    60    40    61    61    44    51    63    72    77    73    71    51    45    58    47    52    81    83
 1927    43    45    44    50    61    55    46    41    56    59    57    49    54    54    64    76    77    80    73    49    50    46    54    52    67    77    70    64    66    62
 1928    68    74    70    71    68    48    34    29    39    55    54    51    45    33    39    45    55    47    43    45    60    62    58    48    55    55    60    69    70    62
 1929    41    49    75    82    82    77    75    60    58    49    40    46    57    59    60    58    55    60    50    54    63    67    64    56    54    65    53    54    53    76
 1930    45    54    60    70    65    66    60    63    74    90    80    70    71    63    52    40    61    57    55    49    50    49    52    52    57    61    55    58    78    70
 1931    45    48    54    51    53    58    73    84    70    59    65    79    82    75    74    73    76    76    68    60    44    41    45    55    50    44    53    70    65    68
 1932    53    56    46    43    60    68    58    68    58    60    64    44    51    55    60    58    58    60    62    62    71    77    71    60    43    44    56    62    63    54
 1933    53    42    39    36    49    41    46    47    41    40    41    60    56    50    62    64    72    66    66    66    66    59    69    74    64    53    64    68    80    67
 1934    53    42    39    36    49    41    46    47    41    40    41    60    56    50    62    64    72    66    66    66    66    59    69    74    64    53    64    68    80    67
 1935    35    35    39    45    49    51    48    57    50    51    43    55    57    69    40    50    47    49    55    62    66    64    59    78    75    75    68    62    56    56
 1936    30    32    32    33    35    38    36    49    62    54    62    60    68    65    66    50    50    54    74    75    51    61    63    55    57    61    58    72    65    78
 1937    42    35    34    39    42    52    49    54    53    53    59    57    72    65    50    60    62    74    77    65    51    66    79    72    45    57    46    54    60    61
 1938    37    38    45    45    42    39    42    48    53    61    63    71    81    71    66    69    72    74    66    61    53    60    55    57    64    80    79    60    65    72
 1939    48    53    57    61    57    36    40    42    50    50    44    42    52    50    59    51    40    41    57    58    52    73    82    91    84    75    64    70    76    81
 1940    52    55    48    45    56    56    52    52    57    51    45    40    46    62    68    61    57    59    62    64    61    62    56    56    50    57    65    76    71    56
 1941    55    55    47    47    56    48    61    66    57    64    74    79    81    76    61    54    69    69    63    58    49    64    52    57    67    71    74    75    77    79
 1942    58    61    61    79    62    46    46    49    53    48    47    56    64    76    80    75    68    57    60    68    72    75    79    81    68    72    70    73    93    85
 1943    55    43    49    59    52    48    67    72    67    62    52    51    44    35    56    52    57    50    52    58    67    64    71    76    65    59    58    65    67    57
 1944    38    36    37    36    50    60    64    68    61    52    47    59    61    49    37    47    52    57    60    54    48    54    66    53    49    53    66    66    69    67
 1945    73    56    41    33    43    62    65    73    72    79    74    64    56    50    41    59    51    42    57    62    58    58    57    50    57    54    62    64    66    56
 1946    79    65    64    47    60    57    52    48    50    45    52    61    77    77    61    62    80    67    82    67    84    82    73    79    67    56    61    69    79    77
 1947    42    43    44    43    63    48    43    42    44    62    56    47    58    56    45    50    56    47    45    53    58    65    59    59    62    74    65    71    78    81
 1948    49    40    58    70    57    64    70    54    52    62    56    50    56    64    71    64    61    86    81    64    67    56    77    79    81    75    67    62    60    62
 1949    48    50    56    59    58    58    58    56    62    62    71    75    76    72    40    44    48    47    57    68    73    70    69    64    78    78    72    71    76    82
 1950    45    56    48    39    40    45    61    53    33    59    47    34    36    45    58    70    70    60    48    47    52    67    59    47    43    36    35    46    46    47
 1951    36    37    45    49    55    50    44    46    52    46    48    44    44    49    42    36    49    49    51    55    53    43    57    48    49    63    70    77    76    76
 1952    51    42    44    40    42    50    59    67    64    35    40    39    36    48    57    67    64    68    76    78    74    65    57    63    73    79    82    87    89    90
 1953    46    53    45    46    48    56    54    53    50    45    49    46    52    55    50    37    37    36    41    55    70    74    71    66    50    47    53    53    53    50
 1954    48    40    24    45    69    78    73    47    56    68    60    66    75    80    76    51    74    65    62    64    63    58    62    66    64    80    70    52    60    65
 1955    67    71    65    55    59    50    53    69    76    77    73    63    60    53    65    69    72    74    69    70    72    70    65    52    68    70    74    70    73    75
 1956    60    78    73    58    72    67    38    43    55    58    62    56    64    64    52    43    52    59    56    63    61    56    43    56    52    55    64    49    38    49
 1957    50    46    43    39    40    50    50    48    46    51    46    38    42    50    54    69    68    71    74    70    65    66    72    79    77    74    69    75    82    83
 1958    56    48    59    55    50    45    53    61    57    51    58    64    60    70    74    81    83    77    70    69    65    59    55    49    53    51    60    58    52    67
 1959    53    58    49    65    63    62    61    59    49    46    50    50    58    66    76    70    62    54    47    49    59    64    70    66    61    51    48    69    69    75
 1960    47    47    39    47    46    57    50    44    37    49    63    70    72    72    73    67    43    56    69    65    76    85    85    80    68    59    57    64    62    50
 1961    41    45    52    52    46    36    42    44    47    55    50    45    53    52    45    30    42    52    65    62    68    68    65    63    56    63    56    53    53    57
 1962    38    40    43    40    53    52    53    51    42    52    52    47    40    39    44    53    63    62    59    58    70    71    64    85    82    85    80    64    62    61
 1963    69    77    68    51    63    68    65    47    53    50    59    56    59    70    73    78    76    57    62    68    62    52    45    57    61    69    70    67    63    54
 1964    46    44    45    45    45    58    55    43    61    65    63    62    59    54    69    86    80    60    65    60    60    64    61    65    67    74    72    70    62    54
 1965    40    38    39    42    44    45    55    53    60    56    60    49    57    53    48    45    52    50    63    59    69    71    69    46    40    61    58    59    78    80
 1966    52    52    49    42    39    38    40    41    47    48    49    52    55    59    61    62    59    51    63    61    52    60    57    69    72    70    48    51    54    49
 1967    65    60    50    58    63    62    58    55    63    52    52    49    57    64    73    80    79    51    54    53    64    56    41    49    54    56    60    66    63    68
 1968    56    57    54    54    43    52    66    56    61    63    83    78    73    61    65    66    67    66    62    62    69    71    55    37    57    62    65    66    75    86
 1969    45    44    57    59    54    59    71    68    64    60    65    67    70    65    61    60    54    58    63    65    64    58    59    67    73    70    60    48    58    63
 1970    43    45    42    47    51    53    70    68    55    54    55    54    50    60    59    63    60    53    44    42    53    74    67    68    78    81    83    82    86    82
 1971    69    31    35    42    47    55    70    75    67    70    71    62    56    55    72    80    72    67    70    77    74    60    65    63    62    62    61    44    55    60
 1972    35    39    35    38    51    50    36    35    44    64    52    50    46    41    58    68    72    72    58    60    55    40    41    55    58    63    61    58    60    60
 1973    41    39    45    45    59    62    47    37    29    34    41    43    46    56    56    54    59    62    65    67    68    65    58    60    52    60    54    59    52    50
 1974    38    68    61    38    46    59    55    42    57    58    55    52    51    47    52    58    65    63    60    71    65    52    52    60    73    78    79    79    72    67
 1975    30    27    26    37    40    45    47    42    38    38    45    43    58    43    52    55    64    60    42    45    45    59    69    61    59    54    50    51    64    60
 1976    51    66    55    54    63    65    59    57    63    68    59    55    71    71    73    74    69    65    61    57    48    60    55    43    55    53    53    58    62    63
 1977    48    44    45    43    34    39    55    53    69    83    82    74    68    66    79    83    78    81    74    73    70    67    71    66    58    71    85    72    64    72
 1978    74    45    61    55    50    61    64    47    60    52    52    57    51    56    57    55    48    54    43    40    54    56    53    47    62    66    69    69    66    63
 1979    36    38    44    48    35    32    42    38    39    44    40    65    45    43    57    63    66    65    60    53    65    71    73    62    60    55    44    50    44    47
 1980    50    57    41    47    60    57    63    58    33    35    42    44    41    38    54    63    68    72    76    84    90    93    87    54    56    60    68    67    60    66
 1981    55    77    68    54    46    56    68    54    65    70    66    63    58    54    56    52    70    65    58    52    49    58    47    51    62    72    77    73    59    62
 1982    61    57    55    35    27    28    32    29    32    36    44    59    55    59    61    67    56    63    50    42    55    59    66    70    64    59    61    56    62    68
 1983    49    44    39    41    43    41    40    53    45    38    47    44    49    43    39    37    40    44    51    56    64    66    62    67    71    76    63    66    60    65
 1984    50    56    43    45    57    60    58    50    58    63    58    56    49    49    58    61    57    57    58    59    57    48    54    67    64    79    73    56    51    43
 1985    39    50    55    46    40    42    44    37    46    67    71    78    71    52    72    64    83    89    85    85    80    77    68    62    58    61    58    69    73    78
 1986    63    63    45    49    59    64    65    59    61    61    69    60    59    56    42    59    63    60    65    61    50    56    71    78    85    82    82    72    73    72
 1987    42    40    45    55    65    67    73    73    77    76    61    68    68    52    60    72    79    82    82    88    87    46    68    67    73    76    75    73    76    73
 1988    56    53    54    77    77    60    73    76    74    52    61    68    67    53    55    65    66    51    56    57    53    44    43    60    66    64    50    64    71    75
 1989    42    59    58    55    55    55    53    46    37    42    50    47    61    62    61    69    68    55    67    65    69    69    70    72    74    73    69    69    52    54
 1990    55    40    51    57    55    39    50    67    64    53    49    50    48    63    62    54    46    58    59    69    74    75    83    83    85    84    75    67    65    64
 1991    54    60    67    67    83    89    87    77    53    54    45    43    43    48    53    59    63    62    49    54    57    60    59    64    64    60    69    75    75    71
 1992    38    45    59    50    59    73    69    59    57    56    47    41    40    51    58    56    48    57    69    58    61    43    45    44    44    49    55    62    76    78
 1993    35    39    46    50    49    49    48    52    55    60    57    49    51    49    37    50    66    65    56    49    57    61    67    65    64    60    59    72    70    65
 1994    65    65    51    55    45    39    51    52    54    57    55    42    60    69    68    62    68    88    81    61    62    65    73    82    79    76    73    44    50    47
 1995    48    65    66    55    56    55    53    44    41    37    42    42    60    59    61    61    54    63    58    56    42    60    63    59    60    58    53    67    61    57
 1996    47    60    46    37    42    44    44    47    54    66    74    77    47    41    49    55    70    72    69    64    66    67    59    72    70    63    57    61    57    58
 1997    69    67    63    66    64    53    35    33    40    42    39    38    53    52    65    55    56    59    62    69    66    59    57    57    65    66    67    70    73    71
 1998    46    47    44    57    58    66    65    53    55    60    69    74    71    65    63    52    58    63    63    53    64    70    73    79    78    63    59    63    66    69
 1999    68    67    67    68    57    57    71    71    55    56    46    58    64    64    62    53    55    51    57    57    59    58    58    62    65    70    70    66    67    73
 2000    62    63    62    49    69    78    58    46    55    54    44    48    66    80    80    50    44    66    66    51    61    72    71    70    70    74    75    74    67    74
 2001    45    50    48    58    58    53    65    66    65    67    68    68    59    65    64    53    49    56    65    81    66    69    67    64    68    79    79    74    83    79
 2002    31    37    35    38    47    50    50    49    57    71    70    65    66    77    89    88    87    83    83    54    52    41    64    63    50    54    53    46    65    64
 2003    76    75    56    35    33    41    40    38    47    63    71    72    72    89    88    85    43    47    61    59    57    62    67    65    68    71    77    77    67    60
 2004    53    60    54    53    65    69    70    69    59    55    47    48    58    72    74    85    84    82    80    58    54    59    64    65    54    52    55    85    87    70
 2005    54    58    71    79    79    75    66    71    74    78    77    59    59    69    72    72    75    80    78    67    63    62    47    57    61    52    49    53    53    52
 2006    47    47    52    56    62    61    51    50    61    77    77    73    81    81    78    72    66    69    69    67    59    61    69    73    71    65    71    70    65    61
 2007    54    53    52    38    36    36    37    40    45    45    41    42    49    55    62    71    72    68    62    69    79    81    78    67    55    54    71    74    87    85
 2008    45    50    48    60    65    66    58    39    43    46    45    37    47    53    62    73    72    46    54    71    76    76    75    75    70    54    53    51    50    61
 2009    48    46    51    51    46    44    50    53    56    56    57    58    57    62    65    69    73    73    64    48    57    63    75    87    87    60    62    62    62    65
 2010    82    83    61    65    65    65    49    49    62    64    68    68    70    81    81    78    62    67    65    68    71    70    68    62    60    61    58    65    72    78
 2011    50    56    68    69    59    61    60    58    70    84    84    67    68    66    48    47    50    50    49    43    52    50    54    54    63    62    47    45    61    62
 2012    66    68    67    63    63    59    60    65    61    53    53    62    62    72    75    75    61    68    66    54    56    58    62    70    72    69    57    51    55    55