 1893    83    85    87    89    86    79    82    93    93    84    72    76    76    82    81    79    85    77    80    82    81    87    88    76    65    83    76    64    74    78    81
 1894    91    75    77    83    92    93   102   102    92    89    87    86    88    83    78    87    89    86    85    91    86    88    94    92    85    87    90    93    82    79    85
 1895    84    88    82    91    86    82    88    89    95    84    87    85    87    88    88    95    84    72    77    83    87    90    86    82    87    83    90    73    80    82    74
 1896    77    84    85    98    89    86    91    94    91    83    82    80    82    83    78    73    71    73    75    70    79    78    72    78    83    70    74    79    85    81    72
 1897    88    82    83    74    75    80    80    85    83    85    76    80    85    82    73    67    65    63    70    76    80    78    77    74    78    82    82    78    74    73    72
 1898    74    65    69    78    79    80    86    78    80    79    77    74    78    80    88    86    78    68    79    84    87    94    84    82    83    76    80    87    85    93    93
 1899    87    88    84    79    84    87    82    73    90    94    88    76    76    77    78    84    99    91    94    82    84    83    90    75    80    87    91    91    87    88    87
 1900    84    95    92    96    95    96    96    95    99    97    90    91    97    97    94    93    97    95    95    96    89    88    91    84    87    89    89    88    89    90    92
 1901    92    82    80    84    90    92    86    87    86    76    85    88    96    87    84    88    91    90    93    95    92    87    86    94    88    90    91    95    90    78    77
 1902    82    87    80    80    77    75    78    77    71    70    68    69    68    68    72    73    72    78    79    74    72    72    73    73    67    77    80    80    79    88    79
 1903    67    82    85    84    82    77    73    77    76    69    71    78    71    68    73    79    82    76    77    81    73    76    83    80    63    63    69    61    61    65    70
 1904    78    77    81    75    84    77    79    73    71    74    88    88    78    86    84    88    77    78    72    81    78    73    77    89    88    78    80    83    69    62    73
 1905    84    80    82    88    89    82    84    88    87    92    94    88    82    71    76    82    78    80    81    85    85    86    77    76    78    79    76    87    88    81    74
 1906    87    89    88    88    85    87    83    77    82    85    84    83    85    86    80    93    86    83    90    93    91    90    90    90    85    80    73    79    79    77    81
 1907    73    68    72    74    83    85    82    73    87    89    84    80    84    84    78    82    84    86    82    67    71    73    74    81    80    71    72    74    76    81    88
 1908    88    92    92    87    86    79    78    83    80    86    74    83    85    72    79    88    81    80    75    75    82    72    73    76    77    78    83    79    87    90    84
 1909    96   100    91    96    97    99    97    90    87    90    84    87    88    93    92    86    84    87    86    83    88    87    88    94    93    93    88    84    73    78    73
 1910    94   100    91    84    85    92    94    97    76    87    94    95    87    93    85    94    87    83    87    85    94    96    84    97    90    89    81    78    77    73    79
 1911    92    87    82    91    88    89    83    92    84    84    69    83    89    91    97    88    83    79    87    88    85    68    78    78    83    85    72    67    77    68    83
 1912    73    74    68    76    63    86    84    73    74    68    82    87    82    82    85    75    91    88    82    83    77    74    81    91    96    77    82    85    71    89    93
 1913    87    93    91    89    80    84    87    86    87    77    75    84    91    97   101   100    97    92    92    91    90    79    81    89    91    86    87    81    80    87    81
 1914    86    88    85    90    86    87    87    94    95    85    78    87    85    82    90    89    94    92    85    80    86    84    82    76    79    71    67    69    83    87    88
 1915    84    69    60    57    73    80    82    81    81    82    81    82    80    83    82    83    69    74    75    76    80    80    75    68    73    68    68    72    63    64    72
 1916    88    84    91    87    91    91    95    84    86    91    85    78    72    76    72    77    90    96    97    97    95    97    78    85    85    80    69    72    80    83    87
 1917    99    79    79    82    92    82    76    76    75    73    79    79    65    72    80    85    85    82    86    88    91    79    86    70    70    81    87    68    75    73    79
 1918    81    86    86    86    89    97    95    89    74    83    89    81    97    86    82    74    71    70    79    81    88    86    87    81    86    88    80    85    80    76    72
 1919    82    83    83    90    91    90    85    77    80    82    81    82    87    87    82    82    77    83    86    86    83    89    89    82    78    76    76    79    80    70    78
 1920    76    78    82    67    86    87    76    76    82    89    88    73    65    78    81    85    84    86    83    81    71    73    71    74    77    76    78    79    74    80    79
 1921    72    80    84    82    84    81    73    84    87    87    83    86    87    88    75    67    77    84    89    75    74    63    80    86    87    86    86    85    90    91    84
 1922    88    87    90    86    88    90    76    76    78    77    68    81    85    90    91    92    95    86    87    87    79    80    90    91    82    75    80    85    78    78    82
 1923    79    84    88    80    77    92    78    78    85    82    98    83    84    89    86    78    84    90    90    78    71    68    75    69    75    79    73    76    76    80    68
 1924    75    80    90    90    84    83    83    85    75    72    77    78    73    74    72    70    69    61    73    78    85    83    83    81    84    88    83    83    87    90    81
 1925    78    80    83    84    84    85    78    84    80    80    78    71    76    85    82    81    93    89    84    72    74    77    84    88    87    81    77    84    91    81    83
 1926    83    89    90    87    81    79    77    77    77    80    83    86    83    83    85    85    77    84    86    79    85    88    80    76    85    88    90    94    81    82    80
 1927    75    78    82    86    87    93    86    76    79    86    87    86    84    88    84    75    67    70    79    83    81    76    76    73    80    81    78    80    88    82    86
 1928    86    82    77    84    84    86    93    95    92    86    77    79    84    86    93    91    80    84    90    90    79    75    76    74    73    77    89    86    81    73    73
 1929    83    72    74    77    75    82    85    88    90    88    86    90    84    64    80    84    82    79    77    79    82    92    88    92    91    85    85    81    79    88    89
 1930    93    93   101    96    91    89    93    95    82    76    72    78    73    90    94    92    78    80    80    79    81    84    86    90    92    92    93    85    85    85    90
 1931    88    78    90    98    96   101    89    95    89    72    77    85    85    86    92    97    96    99    91    86    84    91    90    84    77    83    76    69    70    75    89
 1932    67    79    87    88    84    80    80    83    86    84    80    80    80    81    87    93    84    70    78    81    83    86    88    94    90    76    76    78    91    91    82
 1933    85    72    74    81    81    80    88    90    79    90    89    80    77    83    89    84    81    81    79    79    76    87    88    91    81    80    82    76    75    79    85
 1934    85    72    74    81    81    80    88    90    79    90    89    80    77    83    89    84    81    81    79    79    76    87    88    91    81    80    82    76    75    79    85
 1935    85    86    92    91    90    86    84    87    89    91    93    88    89    87    87    91    91    90    91    79    81    81    83    85    82    85    71    67    68    69    71
 1936    93    97    85    88    89    92    93    94   101    93    95   101    88    94   103    93    83   102    89    81    89    94    94    97    89    80    84    78    74    81    89
 1937    93    90    84    91    94    97    98    93    94    88    80    85    86    92    94   104    86    75    88    80    81    79    84    89    91    91    96    92    93    96    97
 1938    91    93    92    92    85    91    91    84    91    85    79    85    92    93    84    73    84    84    91    82    86    87    91    78    71    76    86    86    83    80    81
 1939    93    87    87    92    91    82    77    78    83    76    80    80    85    86    91    88    86    91    87    75    70    74    75    80    84    82    83    85    88    83    89
 1940    85    92    84    89    82    83    80    80    75    73    82    88    84    83    87    80    83    74    67    74    77    70    65    57    78    69    64    79    78    70    74
 1941    91    92    94    86    85    89    93    96    91    90    97    80    80    87    88    80    74    79    93    86    81    80    84    84    83    72    74    80    92    96    88
 1942    87    85    78    84    82    85    80    78    79    79    76    79    79    80    74    75    82    82    84    90    88    80    68    69    76    70    89    86    89    87    90
 1943    91    87    74    74    84    84    91    91    84    87    91    92    87    82    82    68    71    76    79    78    82    89    86    88    79    78    67    79    86    84    89
 1944    88    91    92    87    86    79    82    87    89    94    91    88    93    89    89    83    75    89    80    79    82    76    72    79    76    69    62    74    80    72    70
 1945    90    83    79    74    80    78    73    82    84    70    78    88    83    80    76    78    89    89    88    90    75    73    72    80    71    75    89    90    91    89    89
 1946    78    87    92    86    71    83    85    90    79    71    69    79    77    70    81    96    85    80    72    84    80    76    78    78    80    83    80    65    67    77    81
 1947    73    84    95    99    97    94    86    93    90    95    95    96    95    84    85    81   100   100    97    90   100   100    99    98    78    80    88    82    78    87    82
 1948    78    80    70    72    77    80    69    70    81    89    91    88    80    84    87    91    79    84    84    88    89    92   100   100    97    96    92    93    91    82    81
 1949    81    81    80    88    90    98   100    96    95    82    92    88    89    86    89    92    89    84    80    79    82    88    93    95    96    92    93    80    84    84    75
 1950    74    73    80    80    79    83    84    81    89    87    87    74    77    78    89    91    89    72    72    68    77    80    89    88    82    63    66    70    68    71    84
 1951    85    83    80    77    71    76    83    82    80    78    77    73    70    66    67    74    75    71    77    71    72    75    76    76    77    84    84    88    83    90    81
 1952    82    85    81    71    73    79    81    78    78    81    76    77    82    90    88    81    80    80    85    83    80    76    75    79    80    75    87    83    78    85    83
 1953    88    82    87    74    74    78    76    74    80    83    80    83    85    82    74    80    78    80    73    78    82    82    84    87    90    92    91    92    92    90    94
 1954    82    82    79    76    78    79    76    80    83    81    73    78    78    84    90    85    74    82    85    85    80    87    86    87    82    75    73    88    83    75    77
 1955    95    94    95    92    93    89    81    75    82    84    83    84    84    90    91    91    95    97    96    97   104    84    84    80    82    95    92    98    89    78    72
 1956    79    75    89    94    86    85    83    85    83    84    84    81    84    87    90    90    81    77    69    69    79    87    81    76    78    80    93    86    82    80    71
 1957    90    90    90    73    75    80    84    88    82    84    86    81    85    86    84    81    81    80    79    80    82    84    79    78    81    81    71    63    70    86    92
 1958    86    89    95    91    89    86    87    86    91    91    88    88    82    89    83    81    84    82    91    85    77    78    72    66    72    71    80    89    87    87    66
 1959    86    81    83    91    86    82    78    71    75    88    84    88    87    83    72    81    86    87    90    92    90    87    85    91    91    86    85    91    90    85    76
 1960    85    89    90    84    79    84    85    85    76    75    82    85    81    78    73    80    85    81    78    77    84    88    85    80    85    80    87    85    81    86    92
 1961    83    88    88    90    79    77    84    83    83    86    81    80    85    84    89    88    87    87    80    79    80    79    79    79    84    85    80    85    90    90    89
 1962    81    83    84    83    83    83    88    85    80    75    77    74    76    78    81    78    77    79    89    85    89    86    89    75    78    80    87    87    90    74    74
 1963    88    84    84    86    81    87    88    87    83    81    86    81    79    75    79    88    84    70    77    87    86    87    83    74    75    80    74    75    79    75    75
 1964    98   101    97    97    95    90    83    80    76    86    85    61    70    76    76    86    86    85    84    81    81    80    72    74    71    76    85    80    84    80    80
 1965    80    81    81    78    93    90    85    79    82    82    88    95    94    95    92    86    92    87    80    78    74    74    77    74    83    84    81    67    63    61    73
 1966    85    78    82    82    85    88    85    83    77    76    73    80    78    84    83    86    93    90    79    75    77    67    71    74    82    86    87    87    90    88    88
 1967    88    86    83    81    83    82    80    84    84    76    74    78    81    80    85    87    83    80    71    80    78    70    79    83    85    82    75    82    85    82    68
 1968    77    81    84    82    90    95    92    89    89    73    75    76    86    85    77    86    85    72    88    92    92    94    94    91    72    72    72    72    76    76    70
 1969    78    82    85    83    86    90    87    87    85    85    85    85    85    83    82    87    88    86    81    79    79    83    83    84    84    85    84    88    90    90    87
 1970    82    87    80    77    80    82    79    72    81    82    85    85    85    87    84    80    81    77    88    82    78    78    78    87    85    89    89    88    89    86    76
 1971    78    73    73    73    75    78    80    81    87    85    78    83    90    88    76    80    82    84    80    86    88    90    85    79    78    69    74    81    83    82    77
 1972    68    79    72    71    74    75    72    67    70    72    86    84    88    92    89    91    93    92    88    88    84    80    63    72    70    71    79    88    88    82    78
 1973    74    77    80    84    85    79    85    83    81    81    79    82    80    76    77    80    84    85    87    82    69    67    62    65    84    90    91    88    90    86    83
 1974    73    70    67    74    78    79    80    79    80    80    78    82    78    80    78    82    79    84    86    85    85    81    72    76    78    86    83    72    70    74    69
 1975    87    83    89    89    79    74    78    86    86    88    86    91    80    82    84    79    79    78    75    86    94    83    89    86    82    70    75    83    73    70    80
 1976    78    77    78    78    77    72    76    78    79    85    87    85    87    82    75    74    75    87    85    84    87    89    86    86    84    85    85    76    74    88    87
 1977    81    77    83    81    78    79    86    84    79    74    71    79    76    75    72    68    68    73    69    72    75    74    69    73    72    82    87    80    75    75    83
 1978    81    79    78    76    82    85    81    84    79    81    85    87    89    90    83    83    87    85    75    80    77    88    90    90    84    81    80    78    78    80    83
 1979    79    81    87    86    86    87    89    76    85    66    74    71    69    65    67    66    82    85    82    78    71    75    67    71    77    79    75    78    84    88    85
 1980    92    78    85    74    82    87    84    77    75    81    75    81    79    77    75    59    73    82    89    89    78    83    77    81    87    85    78    79    86    77    79
 1981    80    79    86    88    83    84    77    79    80    75    81    86    84    81    81    75    74    75    77    79    78    78    82    82    78    72    72    72    75    81    80
 1982    87    92    94    88    78    81    86    80    66    70    76    76    76    80    83    86    85    84    84    80    82    78    79    73    78    78    76    67    61    77    71
 1983    86    87    90    85    88    91    95    89    86    91    82    83    83    92    89    94    90    92    96    89    79    80    82    83    85    85    84    89    89    81    83
 1984    82    88    89    86    89    95    93    86    84    84    78    83    81    86    86    87    84    80    79    80    74    72    74    76    80    84    93    96    93    78    83
 1985    80    82    82    76    89    92    91    88    94    90    78    88    83    80    78    79    79    74    69    71    75    72    72    73    67    78    80    77    74    71    80
 1986    81    76    79    80    77    80    80    83    83    74    75    77    75    83    85    88    87    81    81    78    77    80    78    75    88    87    71    69    70    76    82
 1987    95    92    90    83    80    85    85    74    83    82    84    83    79    82    89    88    80    78    76    83    85    82    70    70    68    63    72    70    78    77    69
 1988   100    99    99    88    86    94    96    95    87    89    93    92    91    92    97   100   100   100    80    84    85    83    82    80    79    78    78    71    76    81    83
 1989    90    90    93    98    96    83    74    80    83    85    85    85    79    83    83    77    80    81    80    83    86    92    91    77    78    81    84    84    84    82    83
 1990    79    81    85    83    78    76    81    80    80    82    81    77    77    83    85    85    83    90    89    74    72    79    81    84    83    84    91    90    85    83    83
 1991    87    88    81    78    78    77    70    73    79    80    83    84    82    85    84    82    82    79    75    75    85    85    84    86    87    91    92    93    91    91    90
 1992    79    79    75    73    76    77    75    87    91    90    79    79    63    70    71    73    75    76    77    77    79    79    83    86    85    67    66    71    81    71    73
 1993    80    77    75    71    71    71    75    79    78    86    87    86    84    83    82    85    83    75    82    79    79    77    83    87    88    89    88    75    77    74    70
 1994    84    81    82    76    71    73    82    78    68    64    71    71    81    78    76    80    79    80    79    77    76    78    81    87    88    84    86    83    75    66    66
 1995    76    77    84    85    86    87    87    83    81    89    93    92    93    92    78    81    88    90    90    81    87    86    86    87    88    88    86    91    87    91    90
 1996    83    85    84    80    85    93    94    83    82    79    82    83    85    84    79    80    83    82    75    82    88    87    79    80    83    81    76    77    80    82    81
 1997    77    88    88    87    81    75    81    80    80    77    69    68    73    77    83    83    82    68    69    70    76    74    78    77    76    75    80    82    80    84    83
 1998    83    82    79    76    74    73    82    82    87    86    81    80    81    85    80    85    86    84    82    85    81    82    89    89    82    83    73    83    85    84    78
 1999    77    78    80    79    81    83    82    82    72    82    82    80    77    74    76    84    84    82    74    79    76    73    76    76    83    84    87    82    87    74    78
 2000    88    86    78    80    79    79    85    84    84    85    86    86    86    89    87    79    76    75    75    76    75    73    79    83    84    85    82    77    75    81    92
 2001    90    88    89    91    92    95    97    95    90    83    82    86    83    80    78    75    80    79    77    81    80    84    88    85    79    85    85    83    82    82    81
 2002    84    82    86    85    83    79    77    80    81    83    89    88    74    79    79    81    78    74    74    78    84    83    80    81    84    83    83    82    79    82    82
 2003    83    81    80    80    78    85    84    84    84    85    84    83    85    87    92    95    93    92    91    97    95    87    86    97    97    93    87    91    89    81    74
 2004    87    85    85    79    76    79    77    83    81    73    70    68    70    75    77    76    80    80    69    72    72    82    79    77    79    89    86    81    81    79    81
 2005    90    91    90    89    87    82    85    89    92    91    82    75    74    75    78    82    82    85    85    87    81    76    75    76    78    77    82    82    82    81    81
 2006    96    83    86    89    87    80    85    81    81    82    81    81    81    79    82    84    84    72    76    79    81    84    87    86    84    75    78    78    78    77    75
 2007    87    87    84    82    78    81    85    86    86    88    88    87    86    87    80    79    79    73    70    71    83    82    76    77    77    79    80    90    90    76    80
 2008    86    85    82    82    85    84    82    80    81    79    76    78    83    84    78    80    83    85    85    85    81    83    84    75    76    76    76    84    83    85    86
 2009    77    80    80    84    79    81    81    87    87    82    81    84    84    87    87    80    80    76    75    72    70    72    76    78    78    77    73    76    76    65    70
 2010    86    86    88    87    86    81    84    86    89    90    89    92    91    86    86    79    79    79    86    85    86    88    86    85    76    77    85    85    90    89    84
 2011    90    88    89    86    84    87    87    81    79    79    82    82    81    81    82    83    84    83    87    87    80    84    84    84    82    82    82    80    79    79    83
 2012    95    95    93    93    77    86    91    91    81    76    77    77    80    82    82    79    75    75    78    78    80    84    93    91    88    83    88    88    92    95    94