 1893    53    55    58    64    59    48    56    62    62    56    46    53    51    68    65    48    55    45    52    57    62    65    65    53    47    61    49    40    38    42    54
 1894    72    53    40    45    45    66    66    68    68    63    67    60    58    68    56    54    65    58    53    58    59    53    68    66    64    48    53    56    61    48    47
 1895    45    62    56    51    64    60    52    63    62    61    63    50    56    69    51    59    62    47    43    41    46    67    66    60    64    62    66    65    51    50    50
 1896    63    56    67    72    72    67    59    72    67    77    73    67    61    67    63    57    47    46    43    54    63    56    46    44    62    43    39    45    60    61    47
 1897    65    66    63    58    53    55    62    55    63    57    53    48    61    63    58    55    50    46    42    38    44    48    57    56    43    66    48    56    60    40    52
 1898    52    50    54    48    60    65    59    58    46    62    56    49    48    57    67    60    52    57    51    65    64    67    66    57    54    55    46    47    52    56    73
 1899    62    65    66    63    60    53    62    60    66    63    60    57    59    56    44    55    60    67    64    62    63    57    65    61    50    58    62    66    60    65    64
 1900    61    64    62    60    65    68    66    67    73    70    67    62    61    62    65    62    64    63    70    68    67    64    60    60    58    58    55    50    49    56    60
 1901    58    56    62    46    50    53    60    44    57    50    59    55    54    58    57    48    49    59    58    58    55    55    57    50    63    60    55    60    67    55    48
 1902    60    67    61    60    63    55    61    55    60    58    50    43    58    62    61    53    57    63    62    60    66    55    47    51    58    50    57    60    55    58    62
 1903    59    62    67    66    65    58    48    60    51    58    53    48    55    60    64    62    55    60    59    53    62    69    67    64    60    56    57    51    56    49    49
 1904    58    50    53    66    55    57    53    39    57    47    65    63    62    50    64    54    53    57    68    55    62    50    45    57    58    44    52    58    55    57    47
 1905    59    63    62    58    63    62    63    59    61    63    64    68    63    63    61    62    64    63    58    53    66    62    64    58    50    49    64    59    65    62    56
 1906    66    68    66    61    72    63    67    64    66    65    61    58    60    62    63    63    64    65    68    70    70    74    70    67    68    53    45    49    58    52    54
 1907    58    51    48    45    64    62    61    64    65    67    69    53    57    59    62    63    56    65    62    50    52    51    49    60    59    59    62    56    64    67    67
 1908   -99   -99   -99   -99   -99   -99   -99   -99    52    56    59    60    59    52    62    68    66    50    58    44    50    49    44    42    50    51    56    59    58    68    63
 1909    57    66    70    60    57    63    58    68    74    64    62    66    68    72    70    67    65    61    53    55    53    60    62    65    63    66    70    63    46    43    52
 1910    65    66    70    62    38    43    56    65    60    54    54    71    58    59    69    61    58    54    47    52    65    57    57    62    44    69    48    51    63    63    48
 1911    65    51    58    67    62    62    64    58    65    63    58    58    63    68    62    70    63    59    50    52    62    57    48    51    51    57    57    47    40    49    56
 1912    54    47    42    42    51    61    60    61    59    62    60    57    65    55    57    55    63    68    65    62    59    62    50    66    62    64    49    67    60    62    67
 1913    57    58    67    60    62    63    65    66    65    65    61    64    66    73    73    74    73    69    71    72    70    58    54    56    62    57    53    69    57    48    66
 1914    56    73    59    54    62    58    53    64    69    60    50    56    59    43    44    60    64    69    66    64    54    57    67    54    48    47    51    53    46    63    62
 1915    62    59    54    51    54    50    52    58    56    55    57    57    57    55    57    65    57    50    42    44    47    49    60    53    41    48    42    48    47    32    32
 1916    67    63    67    67    71    71    76    60    57    63    60    56    47    51    54    54    57    70    73    68    67    59    49    53    49    52    44    43    47    49    50
 1917    68    54    53    57    62    52    57    53    55    46    48    53    58    53    54    54    52    54    57    61    62    61    60    56    42    45    62    41    42    39    42
 1918    52    59    56    56    67    69    70    69    59    59    67    67    70    57    58    57    58    57    55    56    64    68    65    57    57    59    53    53    46    47    47
 1919    64    53    60    68    68    65    62    61    52    52    61    57    64    61    69    60    62    59    54    62    54    54    68    59    49    47    46    48    60    55    46
 1920    43    43    47    61    60    63    57    58    56    57    61    63    58    48    52    52    57    57    56    57    54    43    41    39    43    43    45    47    61    50    48
 1921    57    55    53    59    63    60    51    45    57    57    64    60    67    51    48    58    61    57    68    52    45    54    54    62    61    64    60    65    65    66    62
 1922    56    58    55    57    59    69    62    44    46    58    61    60    62    64    63    64    69    62    51    63    65    66    66    71    53    45    45    62    55    50    62
 1923    65    52    66    63    48    60    68    57    55    63    68    69    49    64    53    59    52    52    54    70    55    40    48    46    41    54    60    58    53    50    50
 1924    51    54    69    65    65    63    50    60    55    45    51    52    46    43    62    52    44    52    56    59    64    62    51    57    55    66    58    47    56    74    54
 1925    50    48    49    51    55    60    60    56    54    52    49    60    53    50    54    58    61    57    62    57    40    53    50    56    57    56    52    52    60    61    45
 1926    58    55    55    65    58    57    49    58    54    57    54    55    51    56    53    57    55    59    59    58    50    59    56    57    53    54    60    59    58    52    50
 1927    40    40    42    52    46    52    53    60    36    41    50    51    57    55    53    60    55    53    47    42    47    60    51    35    41    41    46    56    52    52    47
 1928    64    63    66    62    55    63    59    67    63    63    51    49    55    55    61    62    59    50    59    62    58    53    55    41    41    52    64    62    54    50    39
 1929    54    54    62    47    54    50    51    62    60    62    59    59    62    51    37    53    63    49    40    53    55    65    50    54    57    59    51    43    55    59    59
 1930    59    65    84    69    65    60    63    62    65    44    41    48    45    52    56    60    60    44    46    57    43    41    42    44    50    50    54    63    50    49    61
 1931    64    66    48    68    68    62    69    71    64    53    47    42    45    60    58    65    65    67    62    58    46    46    50    61    51    50    57    53    49    37    46
 1932    64    62    52    65    64    56    56    47    52    58    61    60    52    64    67    61    64    54    45    48    51    61    60    62    62    64    51    59    72    70    64
 1933    59    58    54    47    49    65    64    58    64    64    60    62    47    45    46    64    58    48    43    50    61    62    60    65    52    52    49    48    44    45    49
 1934    59    58    54    47    49    65    64    58    64    64    60    62    47    45    46    64    58    48    43    50    61    62    60    65    52    52    49    48    44    45    49
 1935    77    67    69    60    69    70    62    66    69    68    65    60    51    60    58    64    65    69    72    67    52    53    52    56    62    50    47    39    37    49    40
 1936    56    54    74    60    63    52    55    57    68    57    56    63    65    64    64    64    64    66    69    65    67    69    66    63    64    68    62    64    53    48    50
 1937    66    71    71    60    60    66    67    70    63    67    63    53    61    66    71    73    65    67    67    65    56    53    53    59    64    66    62    62    62    62    63
 1938    59    68    64    56    62    66    65    72    68    75    58    53    61    75    64    62    53    56    68    63    52    54    65    64    54    51    48    50    59    56    63
 1939    66    69    53    50    54    64    64    56    51    52    61    59    55    57    65    56    63    60    60    53    52    51    49    48    49    52    53    55    55    61    57
 1940    62    66    70    63    65    53    52    53    60    66    66    67    64    66    66    67    64    59    50    39    45    51    52    52    52    62    61    60    54    49    58
 1941    60    63    67    66    62    53    58    62    54    59    71    57    42    49    61    48    51    57    43    50    53    50    46    55    61    53    38    41    64    71    75
 1942    61    65    47    49    52    63    61    59    55    53    48    46    52    63    54    45    50    60    57    66    60    64    45    34    49    55    62    60    61    65    61
 1943    63    70    62    61    55    50    59    64    63    51    59    58    63    52    59    51    45    40    43    54    56    61    64    62    64    64    59    56    57    57    66
 1944    58    61    65    66    63    58    55    57    57    72    68    50    64    63    63    63    58    47    54    58    55    52    54    42    41    52    54    53    49    63    48
 1945    68    55    51    53    61    59    57    47    46    61    62    56    61    63    46    50    54    56    65    63    58    47    44    41    44    42    57    66    61    67    71
 1946    62    64    63    50    56    47    50    61    57    60    44    40    46    50    62    63    60    57    49    45    50    52    47    47    45    48    52    51    34    39    41
 1947    51    58    61    70    72    73    61    57    64    64    63    71    68    55    49    62    66    73    68    67    68    69    64    65    63    48    44    58    60    62    59
 1948    50    44    54    41    37    37    52    56    56    64    53    50    52    44    56    52    56    50    45    58    64    47    72    71    66    65    64    62    57    60    51
 1949    64    54    51    50    61    64    64    64    69    70    68    70    62    62    68    62    64    62    62    43    44    59    60    56    64    62    66    48    42    45    42
 1950    56    55    49    54    57    57    56    49    61    62    58    59    53    62    63    63    64    58    48    37    44    49    65    66    53    50    59    56    57    52    50
 1951    57    67    58    49    60    61    64    59    55    57    58    49    57    60    62    50    51    48    54    56    51    48    47    57    61    65    62    63    66    72    62
 1952    62    61    60    61    47    47    54    60    63    48    61    44    56    60    65    58    57    48    55    66    55    53    45    48    48    50    67    69    68    68    67
 1953    72    68    67    68    58    61    54    59    53    59    66    56    53    63    52    53    47    49    50    44    44    50    51    56    69    58    64    57    60    66    66
 1954    54    57    51    57    53    53    53    53    54    54    50    43    46    64    60    66    59    61    54    62    61    65    68    67    69    64    62    63    60    54    47
 1955    66    70    74    71    70    69    61    56    58    61    49    47    47    48    59    62    60    63    65    75    62    58    53    61    57    67    75    62    66    52    45
 1956    57    62    60    75    70    60    60    66    65    56    62    55    59    53    58    68    63    64    45    42    45    58    58    45    42    62    61    64    65    61    58
 1957    63    72    70    54    43    44    51    64    64    64    60    62    64    63    68    59    53    61    51    54    55    54    64    61    52    60    54    56    60    66    66
 1958    55    57    60    63    64    68    62    53    59    72    69    63    52    64    60    47    58    45    64    70    56    43    50    53    35    51    43    57    62    65    52
 1959    55    62    65    64    65    70    63    58    58    58    63    71    62    68    63    55    62    55    64    74    75    68    68    62    70    68    69    70    68    65    60
 1960    55    70    65    63    63    62    70    56    60    57    50    55    62    57    47    58    62    67    65    60    59    58    60    67    67    58    55    66    60    58    70
 1961    68    64    62    58    57    48    49    63    64    68    63    52    51    59    62    62    63    64    62    47    50    56    53    51    55    50    60    62    58    63    67
 1962    57    58    59    59    61    63    63    56    57    51    61    63    55    47    54    57    42    47    56    63    54    55    70    65    48    48    56    60    64    63    64
 1963    56    70    65    55    65    67    62    65    65    58    62    68    61    45    46    57    55    43    43    59    56    60    64    64    54    48    61    60    54    53    49
 1964    72    77    71    67    59    64    59    47    48    59    58    52    45    36    43    58    54    52    58    60    61    58    57    48    46    40    65    61    52    60    48
 1965    60    48    60    61    58    72    69    60    56    56    61    65    68    66    63    62    65    66    55    49    61    56    48    50    59    55    60    43    43    52    57
 1966    65    62    48    51    58    59    63    59    47    52    44    45    58    64    61    56    60    60    49    57    60    56    47    43    46    50    55    58    64    65    62
 1967    61    63    60    51    48    63    61    61    59    48    44    44    49    56    62    63    68    59    52    41    57    54    51    59    52    57    50    41    59    51    38
 1968    48    54    61    61    66    73    68    70    67    58    47    57    58    58    56    70    56    56    69    67    76    75    74    65    56    49    46    46    48    55    60
 1969    53    51    51    55    58    57    67    53    63    54    57    67    68    57    50    59    61    63    64    61    55    47    50    52    51    53    55    66    66    70    59
 1970    56    57    57    55    60    62    64    62    55    58    62    60    62    68    70    52    52    65    65    50    45    59    46    48    58    57    62    56    60    71    51
 1971    62    52    48    51    50    53    52    60    65    70    49    58    63    64    53    51    51    52    66    62    62    62    58    59    53    53    45    46    56    59    58
 1972    63    64    58    52    54    61    50    51    46    52    64    64    67    70    67    74    73    70    69    68    71    61    55    58    59    62    59    59    64    64    66
 1973    51    49    51    60    64    63    66    67    64    59    58    55    61    58    53    61    62    66    72    61    54    55    60    58    64    70    71    72    71    68    68
 1974    58    58    56    54    51    54    57    56    62    64    62    60    55    62    61    69    54    57    59    70    71    65    50    49    50    70    56    48    55    48    45
 1975    70    61    56    63    59    52    50    60    68    69    56    66    65    52    61    59    57    56    59    63    71    67    65    64    63    55    53    66    63    62    60
 1976    52    51    54    58    60    55    49    49    53    64    67    63    58    60    49    45    55    62    63    61    60    64    65    60    62    62    69    50    44    55    62
 1977    49    48    59    60    64    53    63    66    63    66    53    52    61    51    50    61    54    53    44    57    60    46    49    46    52    66    70    62    53    59    64
 1978    55    65    51    45    53    57    57    68    56    53    58    62    64    68    70    60    60    64    55    50    56    61    70    70    71    66    66    61    54    53    56
 1979    59    60    59    63    64    64    76    61    64    63    50    49    59    45    44    50    61    63    66    65    65    62    62    50    50    59    62    55    60    61    69
 1980    61    63    58    68    59    62    66    65    64    65    64    56    60    62    58    55    55    54    64    68    61    54    60    63    67    69    61    60    69    64    66
 1981    64    66    63    70    65    67    63    59    58    56    56    61    64    68    64    51    47    45    49    50    52    57    58    65    60    65    64    65    64    57    63
 1982    66    68    74    68    70    67    68    64    53    47    47    49    60    63    61    60    60    66    67    64    63    61    56    60    51    61    51    47    53    59    59
 1983    58    61    72    71    65    65    63    66    58    66    58    57    57    63    65    69    74    63    76    65    64    67    61    65    67    67    68    64    64    64    62
 1984    69    67    65    66    70    70    75    66    66    59    61    61    62    64    65    67    70    65    58    56    62    59    52    49    55    63    69    67    68    57    50
 1985    52    54    58    60    67    62    59    59    65    55    50    61    60    64    54    58    62    53    46    51    53    57    59    57    57    57    55    61    61    61    57
 1986    55    55    50    51    58    59    59    57    56    58    45    49    56    63    60    58    66    56    56    51    58    58    59    45    61    64    49    39    44    58    52
 1987    72    73    68    60    60    62    60    66    64    59    63    65    66    68    71    68    58    58    52    53    66    58    46    44    55    55    54    57    49    65    46
 1988    69    78    69    73    66    53    57    71    72    58    69    72    74    68    71    72    75    71    65    55    60    62    56    54    56    47    58    42    43    55    58
 1989    58    60    76    74    64    56    49    47    51    53    55    55    62    61    62    50    47    48    58    61    59    64    63    57    52    65    61    68    68    56    65
 1990    50    57    69    66    56    48    49    51    53    60    61    55    54    57    66    62    69    74    68    63    61    65    63    69    65    65    70    70    60    52    62
 1991    54    65    65    56    54    57    62    64    50    51    54    54    55    55    56    67    60    56    51    46    63    58    61    59    64    70    64    63    70    65    57
 1992    52    62    55    46    51    52    62    57    64    71    51    56    51    42    42    41    44    57    45    46    51    51    62    64    67    54    54    41    55    49    52
 1993    60    55    54    48    53    50    46    55    65    61    58    64    63    66    66    64    67    64    63    58    57    56    66    62    61    69    72    57    60    67    51
 1994    61    58    64    63    42    50    52    64    48    56    54    62    63    46    46    48    59    61    58    57    52    49    57    60    60    60    63    58    46    58    55
 1995    61    61    69    66    62    67    64    71    73    71    68    74    77    70    65    69    69    73    68    52    57    56    66    66    67    63    65    70    67    71    63
 1996    52    53    55    66    70    66    66    54    51    50    62    54    59    63    58    48    50    52    64    62    61    68    51    51    54    65    52    46    49    50    53
 1997    59    63    66    62    49    55    52    55    54    62    56    60    58    48    63    64    63    56    56    60    49    47    50    62    60    60    61    61    62    65    64
 1998    56    55    64    65    67    65    67    64    62    68    56    56    56    60    59    60    68    68    69    69    68    68    71    62    62    55    61    67    60    54    51
 1999    58    55    55    60    56    59    64    57    53    62    58    66    59    46    51    64    55    62    61    51    58    61    65    61    58    59    61    64    59    55    56
 2000    64    59    55    56    61    62    58    66    62    56    62    62    67    66    70    54    61    55    51    59    58    63    64    61    58    64    61    66    62    57    74
 2001    78    74    63    67    67    73    73    68    74    54    51    51    55    48    61    55    49    54    57    51    53    55    65    66    69    55    63    52    55    67    54
 2002    75    54    55    68    70    58    54    56    59    61    59    66    58    53    63    53    66    46    74    48    65    67    69    65    59    60    59    66    59    55    60
 2003    60    57    57    57    55    59    59    58    54    56    56    54    55    59    63    63    64    67    70    73    70    54    53    67    68    66    57    60    52    54    49
 2004    62    65    68    66    59    49    54    60    58    54    52    49    45    43    45    54    57    54    43    47    38    55    65    63    61    66    64    62    55    59    50
 2005    59    69    75    69    52    51    53    58    63    64    63    66    59    52    49    53    56    66    59    62    52    50    47    50    64    66    52    50    52    52    48
 2006    73    70    60    57    60    66    59    57    61    65    64    58    58    64    52    57    63    63    64    51    53    58    59    67    66    67    55    58    58    55    50
 2007    60    67    53    59    60    65    71    64    71    63    66    65    59    65    65    64    56    57    57    65    66    66    64    65    55    52    62    66    66    50    51
 2008    63    53    60    69    64    55    54    51    63    58    48    55    57    56    58    50    56    56    58    64    65    65    59    49    46    46    49    65    50    54    55
 2009    60    47    69    56    49    51    61    66    73    66    58    55    63    70    67    68    60    54    54    61    60    47    46    51    52    58    58    57    51    47    39
 2010    61    68    67    71    62    55    61    73    68    70    67    68    76    70    59    54    57    61    65    68    65    63    62    62    49    45    58    61    56    71    79
 2011    69    74    67    58    65    68    69    59    60    51    49    56    60    56    54    55    66    52    54    60    53    52    67    65    54    54    56    52    52    60    53
 2012    57    69    65    67    58    48    58    59    62    55    47    56    59    54    62    66    47    43    49    44    43    47    58    64    56    67    55    57    64    73    62    