 1893    33    20    18    27    26    39    29    27    29    42    32    24    18    13    26    25     8    20    18    31    21     7    -7    -6    10    31    21    20    10   -13
 1894    30    32    39    34    25    23    30    31    27    17     6    21    32    23    20    17    10    20     1    16    10    24    19    22    15    32    19     3    15    26
 1895     8    34    48    54    53    33    29    28    22    14    20    31    32    31    23    33    38    28    18    10     7    12    15     4    14    -3    18    32    27    26
 1896    33    37    29    28    29    23    22    22    24    30     8    -2    -1    16    23    32    30    32    10    13    11     5    20    15    32    34     4    -2    -2    -7
 1897    32    24    23    46    34    20    28    34    30    26    24    18    19    35    12    12    13    16    24    34    29    17     6    10    27     4   -10   -10   -11    -8
 1898    38    26    32    32    33    28    27    28    27    22    10    22    31    24    22    32    31    33    23    28    23     8    -5    -9     0    -8    -9    17    14     4
 1899    34    24    13    23    20    19    30    18    35    38    22    22    27    42    34    32    45    33    30    33    45    33    32    28    20    18    20    25    28    23
 1900    38    32    36    38    33    32    28    22    21    26    24    30    11    11    -1     1    25    31    29    24    15    21    10    23    15    20    18    23    20    23
 1901    35    41    15    10     2    13    27    23    28    30    32    25    30    28    22    13    11    14    10    27    23    27    33    17    16    11    16    10    22    32
 1902    53    42    32    40    38    28    22    45    40    31    36    53    40    38    36    30    28    31    36    42    36    37    25    30    20    29    23    22    20    11
 1903    43    39    38    47    30    24    37    40    34    36    33    26    22    25    16     8     7     9     8    25    21    20    14     6     9     3    13    24    19     9
 1904    43    40    35    35    32    32    32    33    32    28    22    23    28    19    27    24    37    31    32    35    27    28    40    39    24    20    18    26    20    10
 1905    19    22    28    22    39    33    32    29    24    24    33    35    32    18    38    32    37    24    22    20    24    26    38    29    27    22    30    28     8     2
 1906    24    33    37    42    32    48    49    48    32    30    28    22    23    28    32    33    30    19    18    19    24    14     4     3    32    34    31    26    23    28
 1907    46    40    33    34    38    29    24    31    31    23    23    20    22    12    22    16    22    23    27    32    32    26    27    32    33    23    35    27    17    22
 1908    35    27    39    29    27    34    27    32    27    18    20    19    21    18    16    16    17    30    30    22    28    38    48    41    37    30    27    28    22    10
 1909    44    38    40    32    39    41    44    31    28    48    39    28    36    30    20    27    14    10    19    34    27    15     0    17    31    35    56    32    29    29
 1910    30    22     9    29    22    13    25    20    30    25    18    15    19    30    23    20    22    20    22    25    17    18    25    32    21    25    25    21    13    11
 1911    20    11    14    28    25    33    29    23    42    21    18     4     5    20    12    12    23    10    10    18    12    28    14     7    20    23    22    10     4    22
 1912    22    15    29    39    38    25    36    34    23    32    48    39    32    25    17    32    22    25    27    32    32    28    25    25    19    22    19     8    18    18
 1913    24    38    42    30    26    44    40    30    23    14    15    30    26    24    32    26    37    48    45    41    54    38    30    30    38    40    44    44    47    48
 1914    44    32    42    40    29    29    39    26    32    36    26    38    35    32    23    19    13    17     0     3    17    16     8    23    27    43    21    32    30    39
 1915    35    35    27    40    27    32    47    40    25    35    35    29    21    18    13    26    28    28    32    27    20    12    17    27    39    32    27    24    17    18
 1916    27    27    28    32    26    27    42    37    27    29    25    22    17    -7    -7     6     7     7    18    20    25    22    27    16     9    11    33    25    26    21
 1917    19    20    27    26    32    30    30    37    29    29    36    30    33    33    30    28    28    29    27    29    33    32    16    12    12    21    25    29    21    23
 1918    24    26    40    30    43    52    56    39    34    31    27    29    27    27    49    49    48    35    35    32    30    28    15    13    21    12    17    32     6     9
 1919    22    24    35    27    23    36    36    40    40    31    22     8     5    14    10    30    26    30    18    28    36    29    32    25    25    13    13    14    10     3
 1920   -99   -99   -99   -99   -99   -99   -99   -99   -99   -99   -99   -99    12    17    19    13    12    23    29    28    36    30    30    30    22    26    31    33    34    39
 1921    32    30    29    39    24    35    27    30    15    21    15     2    21    19    13    35    32    30    16    13    13     9    17    18    16    30    30    31    28    21
 1922    46    49    47    41    49    41    38    38    37    41    44    36    37    32    30    27    39    39    31    29    28    21    33    22    11    25    31    16    33    34
 1923    17    31    41    33    23    20    24    15    24    38    21    38    44    44    39    31    30    30    21    36    32     9    30    27    28    29    23    17    24    30
 1924    43    27    32    26    42    32    22    16    22    39    30    20    24    13    17    25    22    27    29    42    39    30    27    18    19    29    18     9     5    12
 1925    16    18    29    42    29    19    19    10    17    22    24    30    27    28    27    17    17    35    27    25    30    15    11    20    24    24    10     1    16    23
 1926    26    20    30    25    18    32    35    27    11     4     0    15    23    25    17    20    21    19    16     5     0    10     2    17    26    15     5    23    13    22
 1927    35    24    40    36    22    15    28    30    33    35    30    18    21    32    27    20    18    13    27    28    37    32    25    28    25    37    30    35    36    16
 1928    32    32    28    23    33    30    35    29    30    33    34    32    33    47    39    37    32    31    25    25    28    25    22    26    15     9    21    29    29    22
 1929    30    28    28    28    27    26    20    24    24    39    34    36    29    19    27    25    26    26    24    15     2    -4     6     4     6    30    24     1   -10   -11
 1930    12    20    19    23    18     5    16    33    38    36    35    32    27    48    53    50    34    29    44    45    30    28    30    16    11    -2    -4   -16    11    16
 1931    32    26    40    32    33    18    33    36    58    33    35    38    30    40    50    52    41    27    43    42    25    33    38    23    14    14    22    31    16    25
 1932    22    25    25    36    27    35    39    35    31    21    21    16    19    20    11     5    16    13     3    18     9    14    23    14    26    10    10    24    33    23
 1933    56    34    21    24    30    32    24    23    17    15    27    28    12    19     6    -4    20    24    21    28    25    26    24    24    24    27    25    33    25    24
 1934    56    34    21    24    30    32    24    23    17    15    27    28    12    19     6    -4    20    24    21    28    25    26    24    24    24    27    25    33    25    24
 1935    22    25    35    30    20    14    36    38    44    30    22    18    20    35    32    30    32    34    27    19    14     2     5    27    27    23    33    12     6    20
 1936    34    42    20    14    22    31    28    10    19    15    22    26    22    36    22    21    30    23    18    36    31    19    22    20    13    15    15    29    13    13
 1937    43    28    15    22    31    26    24    39    26    30    26    29    34    30    29    21    14    17    13    10    -1    -2     9    29    37    23    18    -2    -3    -1
 1938    54    60    53    51    37    34    29    21    21    36    31    38   -99   -99   -99   -99   -99    32    20    25    27    11    11     7     7     5    -1    20    27    28
 1939    25    26    16    16    26    17    32    23    32    24    18    20    25    32    35    26    31    28    23    29    29    15    22    35    36    20    12    12    30    16
 1940    41    32    30    50    37    28    20    19    39    41    15     5     3     1    -1    16    24    20    35    25    36    30    28    23    18    26    10    -3     2     6
 1941    32    24    24    31    30    27    30    26    24    24    25    26    34    28    31    27    34    54    37    28    18    24    11    11    24    18    22    22    46    36
 1942    25    25    17    34    32    19    27    26    34    25    19    25    24    17    40    56    31    26    34    40    29    20    30    22    30    11    -1    16    -9    -2
 1943    25    32    31    23    32    30    30    31    22    19     8    20    18    10    25     4    22    22    19    16    25    12    11    10    14    31    15    16    19    19
 1944    39    57    31    24    17    31    37    49    40    38    38    41    48    43    37    38    30    27    35    36    32    23    27    31    27    30    24    20    21    12
 1945    35    28    20    10    23    34    40    30    16     7    26    35    30    16    22    35    32    20    18    30    20     9    14     6    13    18    28    23    28    24
 1946    31    40    43    23    20    21    42    36    29    32    33    18    21    20    31    23    14    27    31    24    19     9    10    30    20    16    14    14    18    28
 1947    46    38    34    43    39    30    28    24    18    22     4    18     8    28    30    19    13    13    29    31    30    12     1    16    14     4    12    -7   -18   -22
 1948    30    41    47    48    45    40    34    37    32    25    34    30    32    31    32    30    27    42    42    35    32    24    21    26    21    26    25    25    16    23
 1949    27    29    11    25    13    26    33    22    45    30    28    43    35    34    31    27    29    28    31    28    16     8    25    24    16    14    14    28    24    28
 1950    44    35    31    20    22    41    29    27    27    17     8    12    18    22    49    34    19    22    25    10    16    14    -4    -7    10    18    16    20     8    13
 1951    15     9     9     3    -9    -3    14    11    22    25    21    49    39    31    27    24    17    12     7    20    32    21     3    -3    11    16     1    20    27    24
 1952    24    38    21    38    38    35    17    26    32    11    21    22    27    44    22    39    53    38    35    22    23    25    29    17    31    17     9    -2    11    -2
 1953    31    30    30    19    10    11    13    21    13    20    35    21    25    41    26    36    29    55    56    42    32    30    25    33    28    22    21    17    22    13
 1954    23    22    20    30    16    23    24    26    27    29    47    22    42    31    19    40    34    40    36    36    26    26    22    31    26    20    28    25    23    13
 1955    34    28    18    16    34    24    24    28    18    32    29    24    30    13    30     9    11    21    12    13    23    32    20    10    26    16     5     0    12     3
 1956    43    38    57    52    51    41    31    30    20    20    27    32    23    26    28    15    14    18    30    28    17     9    -2    10    22    13    11    18     4    19
 1957    35    48    44    35    34    22    40    24    16    15    33    40    38    40    40    33    31    26    23    20    15     9    16    17    13     9    33    24    15     3
 1958    25    20    26    27    39    21    16    38    23    18    38    15    36    51    46    45    55    30    26    35    27    18    30    17    31    11     4    15     2    -2
 1959    32    27    35    35    22    13     3    20    19    30    26    15    18    -1    -2     3    -3     8    16    21    27    29    28     8    10    19    -3     7    -1    22
 1960    37    34    24    37    25    35    18    36    20    12    27    22    24    25    40    31    20    34    30    31    25    35    14    33    23    40    39    26    18    10
 1961    30    49    23    32    23    29    26    19    20    21    29    47    37    31    30    33    23    14    16    23    31    33    28    23    36    28    23    13    20    33
 1962    21    34    24    31    27    26    36    30    16    19    29    25    22    28    28    38    32    30    29    34    30    25    20    18    17    31    33    27    42    29
 1963    30    19    32    28    43    37    30    40    42    33    31    31    32    30    21    41    49    25    28    36    38    33    18    17    32    25    28    33    23    25
 1964    38    41    54    51    33    36    46    40    48    35    51    47    33    33    54    33    25    25    22    11    -4    -4    18    20    23    20    17    11     2    -5
 1965    26    34    45    25    30    38    46    34    18    25    35    38    23    16    31    28    20    19    19    33    29    28    21    31    36    34    14    14    15    17
 1966    26    11    13    24    20    22    42    30    33    25    28     8    25    22    27    31    35    22    11    27    25    46    49    47    36    34    30    21    19    16
 1967    43    40    28    22    23    22    15    18    23    32    37    35    26    31    14    29    33    37    15    27    31    28    13    28    21    21    16     9    12    25
 1968    48    38    23    25    34    35    35    32    28    25    25    15    19    24    32    23    33    32    24    20    27    26    31    25    23    35    18    18    27    21
 1969    37    39    38    35    25    28    30    29    27    36    31    24    20    10    20    15    43    24    14     8    21    22    25    17    27    15    21    14    16    20
 1970    38    36    32    35    33    28    26    33    46    37    42    39    33    26    18    21    28    34    26    33    25    12     4     6    22    26    24    18    34    25
 1971    30    29    31    29    21    21    12    18    28    32    28    38    35    42    31    43    43    40    29    35    20    11    25    25    29    33    25    24    24    16
 1972    40    40    33    35    32    44    34    31    35    38    35    32    30    24    16    24    27    19    20    27    26    22    17    27    32    24    24    15    15    24
 1973    31    34    30    28    16    15    31    18    15    14    31    40    44    38    33    30    27    37    27    39    33    27    27    37    33    34    38    26    20    19
 1974    50    43    35    31    32    23    31    34    37    43    40    31    25    22    20    25    30    38    38    29    17    28    37    26    15    20    20    15    23    16
 1975    41    41    52    35    45    55    55    37    42    35    32    30    23    15    29    32    46    52    53    36    22    15    15    18    11     8    15     8    29    11
 1976    33    42    28    22    18    24    10     9    26    22    10    11    11    10    22    19    30    23    27    17    25    20    13    15    29    29     8    -3    -6    -8
 1977    43    46    53    38    35    33    50    52    34    28    21    17    24    23    33    43    28    28    30    32     7    12    26     4    -2   -16     4    -1    11    10
 1978    30    41    52    43    47    34    22    36    36    42    34    28    32    25    19    18    29    22     9    14    14    17    24    17    10    17    23    -2    10    -1
 1979    34    26    28    27    36    30    22    21    23    23     8     8    26     9    31    32    36    39    48    30    36    35    31    28    26    29    25    18     7    12
 1980    29    29    45    35    29    39    41    35    37    29    30    32    33    29    25    19    25    18    21    29    23    35    29    18    11    18    26    19    29    29
 1981    43    43    45    50    39    30    30    33    21    27    24    29    32    38    39    34    30    34    30    22     9    14    20    18    20    33    34    31    36    33
 1982    45    41    31    23    26    21    34    28    36    36    37    17     9    17    12    26    23    30    46    41    25    29    15    10    21    22    12    26    31    35
 1983    50    56    42    27    30    43    47    46    36    34    28    21    27    37    34    31    21    34    43    36    34    31    24    21    17    26    25    31    16    11
 1984    24    18    28    35    30    24    40    38    39    33    27    17    29    40    24    19    29    22    16    11    18    29    21    32    35    46    31    27    25    26
 1985    35    24    29    23    36    24    22    24    30    23    24    33    32    30    31    29    31    28     8    -2    17     6     5     0    20     1     0    -4    10    16
 1986    33    20    29    25    24    28    40    32    20    19     0     8     0    15    15    17    27    24     2    26    20    29    26     9    27    30    15    25    20    34
 1987    42    53    55    32    29    26    27    28    22    16    25    23    27    23    43    52    37    28    35    29    29    28    32    28    32    29    34    24    37    29
 1988    26    19    30    38    33    28    27    27    40    33    19    33    33    28    41    27    24    23    33    21    13    22    29    36    35    34    31    10    18    20
 1989    27    25    15    32    45    34    36    36    24    33    35    24    31    25    33    14     9     5    19    31    24    22    -1     8    26    15    35     8     3    14
 1990    44    50    37    31    32    29    19    17    29    27    19    24    29    33    51    39    21    40    28    30    52    26    33    24    28    27    35    20    14    33
 1991    27    14    11     1    15    10    -8    -1    16    27    30    30    30    26    40    25    28    41    35    24    27    31    20    13    -5    -9    22    19    22    14
 1992    36    35    32    30    28    26    25    27    37    41    23    35    26    21    17    20    27    23    31    36    35    30    30    31    31    23     8     8    16    25
 1993    16    35    27    45    27    18    13    23    16    28    29    22    39    36    32    25    33    20    32    18    34    24    34    32    32    12    15    14    16     9
 1994    22    46    48    42    42    35    34    42    43    21    26    40    47    42    22    19    38    35    20    35    32    18    24    24    19    21    32    26    24    18
 1995    32    27    22    14    24    34    26    15    14    31    13    12    17    14    13    29    34    22    29    22    23    11    13     6    28    26    21     6    -4    11
 1996    19    19    18    39    39    43    27    32    21    22    16     7    19     5    22    34    25    18    18    23    23    24    29    23    -2    -6    -6    10    30    28
 1997    40    31    32    32    33    33    37    39    37    25    18    13    16    31    26    13    12    19    20    20    17    25    15     7    24    25    22    28    27    31
 1998    48    40    34    29    29    33    26    32    37    35    31    25    23    34    31    37    37    34    31    24    16    42    39    24    43    30    28    32    28    41
 1999    37    30    16    19    30    22    24    30    53    41    38    31    28    38    21    19    22    29    34    24    30    34    37    28    25    36    29    19    18    13
 2000    59    45    36    28    32    43    34    27    29    29    26    34    27    28    16    26    22    15    17    15     2     6     6    15    19    23    24    19    31    31
 2001    55    34    28    29    28    46    47    40    26    31    24    27    48    56    55    44    46    52    32    21    28    31    41    51    36    34    35    35    33    34
 2002    19    23    19    29    27    33    23    39    29    40    33    21    25    29    20    24    15    23    20    25    29    22    26    25    17    14    17    16    31    21
 2003    25    37    34    37    29     9     8     9     8    30    37    27    27    20    40    41    33    47    28    31    32    32    30    11    15    14    21    25    16    25
 2004    35    40    23    26    25    31    43    25    25    48    28    15    14    17    30    44    54    48    44    39    24    27    27    26    15    30    30    22    25    12
 2005    26    27    34    35    40    43    40    33    39    21    29    40    38    24    32    18     4    28    31    34    26    27    19    13    14    15    22    40    23    15
 2006    14    22    10    35    23    31    45    49    46    30    26    20    32    27    29    28    30    34    22    16    34    26    26    33    28    34    44    46    28    11
 2007    25    35    23    32    40    34    19    24    23    20    40    35    19    37    31    28    25    31    36    33    30    23    13    24    25    21    13    19    10    10
 2008    34    41    45    58    54    52    31    33    27    18    20    32    37    36    31    23    28    12    26    26    07    15    17    22    16    14    16    19    12    30
 2009    27    27    21    30    22    35    40    30    40    30    25    28    45    44    22    31    29    36    40    34    26    36    40    43    39    31    20    22    27    26
 2010    20    22    32    37    19    19    34    34    30    45    31    28    38    34    27    28    34    30    29    24    30    33    13    16    15    12    12    21    35    22
 2011    31    38    35    20    30    43    25    38    32    30    23    23    41    28    26    22    14    23    27    26    17    31    25    39    44    38    33    27    25    12
 2012    28    20    34    35    37    27    36    32    30    47    32    21    15    30    37    21    23    35    44    33    30    49    21    16    17    19    09    13    22    29
