 1893    69    59    59    63    70    58    69    78    74    83    79    57    59    46    62    66    68    69    56    62    75    76    80    46    51    43    57    38    38    37    63
 1894    60    70    60    49    48    61    58    50    61    57    68    62    57    54    65    70    61    78    71    78    73    66    68    64    63    56    64    57    55    45    43
 1895    65    73    76    58    68    60    51    45    52    62    54    58    52    56    67    60    61    66    48    43    68    50    49    65    60    70    59    35    33    41    40
 1896    70    65    67    68    70    55    52    57    61    67    68    64    68    72    63    60    52    44    42    38    46    47    48    52    61    70    68    72    65    60    35
 1897    87    83    86    87    82    79    74    63    55    61    59    54    76    83    87    72    60    63    53    54    57    63    71    76    79    75    69    55    58    54    57
 1898    74    73    70    77    55    67    62    68    70    68    62    55    48    47    60    59    61    44    44    42    44    42    60    62    42    41    43    55    42    44    52
 1899    60    78    66    68    66    71    73    74    70    62    63    74    76    63    82    71    61    55    50    59    67    82    85    71    70    70    65    68    70    69    64
 1900    67    65    84    74    80    78    53    58    67    66    68    68    71    72    78    58    62    68    71    72    67    66    62    70    74    72    68    69    68    63    60
 1901    68    52    50    54    62    67    72    65    58    63    52    56    48    52    48    43    47    63    62    63    77    80    80    65    68    64    56   -99   -99   -99   -99
 1902    63    60    56    54    63    68    67    74    60    72    64    53    49    56    63    68    70    60    66    72    73    70    73    70    63    64    52    42    57    60    60
 1903    68    66    77    68    62    63    58    53    57    63    63    65    67    66    57    58    63    60    72    67    65    70    42    52    60    50    57    64    62    66    63
 1904    72    73    68    70    60    54    70    75    73    88    62    59    61    61    64    74    75    63    58    52    48    51    48    39    46    48    59    55    63    60    69
 1905    72    73    77    82    72    73    81    81    81    53    43    55    70    59    60    56    53    42    43    49    42    53    52    51    52    44    32    39    38    41    42
 1906   -99    70    72    77    62    62    62    64    45    38    46    63    73    72    70    73    68    62    67    62    60    56    57    50    58    55    51    42    44    40    38
 1907    67    75    72    64    67    74    62    57    53    60    48    44    49    62    63    68    73    48    57    51    55    65    61    69    49    55    47    52    48    48    52
 1908    52    63    72    74    75    66    55    53    65    58    53    61    72    74    78    75    78    64    62    62    68    66    45    52    42    46    49    54    48    41    42
 1909    70    79    71    70    73    78    77    76    67    59    53    40    44    44    48    47    47    53    49    57    46    44    47    57    53    45    45    46    63    72    67
 1910    72    76    71    68    63    60    70    69    66    69    81    62    72    70    81    82    82    83    62    44    42    52    67    55    54    60    43    35    42    62    63
 1911    54    59    75    62    50    63    58    60    64    60    67    69    57    64    58    69    62    61    56    49    45    49    44    45    46    36    42    44    53    50    40
 1912    68    73    72    73    82    72    52    55    61    56    57    58    58    66    58    68    71    67    55    54    55    47    55    61    62    65    68    71    65    43    40
 1913    76    66    78    70    76    76    75    70    76    78    68    63    74    76    77    51    50    54    44    41    37    45    56    58    61    61    47    45    42    37    39
 1914    79    77    75    77    71    70    70    68    61    67    58    51    57    61    65    68    73    76    77    69    69    72    72    58    60    53    47    52    56    64    72
 1915    64    67    68    68    52    56    50    45    49    65    67    59    62    67    67    57    66    59    65    59    66    68    70    72    63    53    66    63    66    66    68
 1916    65    69    73    79    81    62    67    84    67    57    54    58    64    58    65    63    70    50    61    60    38    44    45    43    47    40    52    56    63    46    54
 1917    60    68    73    55    66    54    57    50    45    44    47    42    35    48    66    64    60    58    49    37    41    41    39    40    44    51    43    37    33    36    26
 1918    53    66    66    73    77    64    67    69    76    68    69    82    75    68    76    79    69    61    50    64    64    60    60    57    48    46    61    59    48    43    40
 1919    75    80    79    70    60    72    68    70    69    67    53    58    58    57    57    57    47    57    49    54    48    64    61    64    50    38    39    38    46    60    60
 1920    60    70    78    75    69    70    72    77    78    82    81    74    81    76    68    69    68    71    70    75    76    75    65    53    51    48    47    43    43    58    56
 1921    69    64    59    57    69    66    47    56    64    55    48    56    63    68    65    75    75    65    56    54    65    61    63    64    62    55    55    65    63    58    64
 1922    79    82    81    84    85    66    64    52    50    64    56    51    58    61    57    58    42    51    50    64    69    61    50    65    61    73    64    67    75    73    70
 1923    64    65    68    59    58    61    59    60    70    71    69    61    52    57    62    62    67    59    44    44    48    54    55    63    49    44    41    45    38    37    42
 1924    68    74    74    71    64    58    65    62    70    64    77    77    70    70    71    69    73    78    74    63    51    54    57    58    63    66    64    67    65    77    62
 1925    62    64    61    61    58    51    53    54    41    41    56    67    60    53    61    52    49    45    43    40    44    34    43    38    44    44    34    25    24    26    36
 1926    79    66    72    72    66    40    60    72    67    70    61    62    60    57    64    60    61    58    68    58    56    51    51    50    40    44    61    57    55    47    42
 1927    57    68    72    66    58    62    54    61    55    63    58    48    43    58    56    57    65    56    79    72    69    78    70    70    76    80    80    66    67    74    67
 1928    65    70    78    75    73    72    69    76    69    85    84    77    75    74    68    72    64    54    50    63    69    56    60    56    53    47    54    40    40    47    48
 1929    62    69    63    60    69    62    60    58    53    49    60    62    68    70    81    69    67    68    61    69    56    46    40    54    62    70    59    53    40    50    61
 1930   -99   -99   -99   -99   -99   -99   -99   -99   -99   -99   -99   -99   -99    54    60    59    35    35    31    29    40    39    53    54    62    58    63    55    46    47    29
 1931    75    80    80    77    78    76    77    77    68    68    65    65    63    56    59    57    63    58    69    70    75    68    68    68    65    50    63    48    43    44    44
 1932    80    82    72    51    51    62    69    66    49    44    52    42    59    70    67    70    55    59    64    54    60    53    56    51    46    53    46    58    52    40    36
 1933    62    71    75    60    68    63    53    55    55    50    60    50    62    72    62    62    61    59    57    59    58    46    43    45    41    51    36    56    69    78    78
 1934    62    71    75    60    68    63    53    55    55    50    60    50    62    72    62    62    61    59    57    59    58    46    43    45    41    51    36    56    69    78    78
 1935    57    65    49    45    45    55    61    60    60    52    58    61    84    73    74    84    75    74    77    75    65    43    54    65    66    60    64    65    72    66    67
 1936    57    64    76    67    76    77    68    76    59    57    67    55    47    62    76    65    50    73    73    76    43    46    46    60    58    44    43    44    59    59    56
 1937    76    70    76    66    73    61    57    60    64    70    72    56    45    50    51    48    54    59    55    47    42    42    44    52    56    57    59    70    87    64    60
 1938    74    77    84    88    67    56    73    76    88    85    78    71    74    77    65    85    84    65    51    64    73    54    34    60    69    63    64    70    65    59    69
 1939    72    73    76    79    74    81    82    71    72    67    62    57    48    50    66    61    52    76    70    71    69    62    54    58    68    65    53    41    45    42    55
 1940    71    69    77    68    78    63    62    64    69    62    74    75    67    59    54    64    57    58    61    61    64    79    60    66    63    68    78    66    57    64    62
 1941    72    62    64    64    66    74    69    70    66    60    71    74    68    67    63    65    59    57    67    65    64    65    63    60    65    59    59    45    43    43    43
 1942    76    79    69    69    67    74    75    76    65    69    72    71    69    70    69    64    73    68    74    74    59    45    37    52    42    34    41    48    60    61    52
 1943    68    69    65    68    73    75    73    76    75    66    78    67    61    46    43    44    54    64    66    62    60    64    57    53    44    46    53    58    62    40    47
 1944    65    55    58    66    64    78    65    58    50    58    57    67    75    62    59    70    71    74    61    61    57    61    67    69    61    66    68    69    66    72    76
 1945    50    59    66    73    66    65    80    54    51    62    75    61    57    50    60    74    74    79    66    70    55    53    52    46    56    48    63    76    62    63    48
 1946    67    75    76    80    80    78    70    73    68    61    53    44    57    64    74    58    43    57    65    65    69    71    76    67    60    61    54    71    72    71    61
 1947    58    69    77    76    83    83    81    64    67    71    73    71    71    87    85    79    82    74    78    83    87    83    63    57    55    61    58    54    51    52    54
 1948    75    66    64    59    60    68    58    65    64    59    60    62    72    71    68    63    38    68    62    65    63    63    61    62    71    76    74    75    69    65    62
 1949    72    77    78    74    73    69    84    82    78    76    70    70    78    72    68    74    74    76    72    78    70    61    58    48    49    56    65    74    78    52    44
 1950    77    74    51    51    54    76    71    65    70    68    70    69    67    70    74    81    83    85    74    67    75    64    51    57    58    57    72    73    75    83    83
 1951    83    83    78    72    68    53    46    54    65    66    73    73    71    64    74    65    46    42    48    55    58    58    43    55    62    56    45    48    64    58    39
 1952    81    58    65    60    45    44    50    68    59    61    68    69    61    55    57    44    44    66    61    45    54    71    69    76    70    71    53    41    54    66    69
 1953    79    90    81    69    70    58    59    71    71    78    71    63    73    83    85    85    76    81    80    81    79    74    65    55    57    53    51    51    62    75    64
 1954    54    59    82    66    55    54    54    57    71    72    68    69    70    61    49    57    55    54    54    58    65    70    71    71    71    58    53    57    45    36    42
 1955    62    70    78    72    71    71    60    66    78    79    80    76    64    52    53    58    53    56    64    66    59    62    57    45    71    79    72    57    43    36    50
 1956    80    75    78    67    71    64    66    65    57    60    70    85    82    72    72    78    79    72    70    75    75    75    66    62    70    61    66    65    68    67    59
 1957    74    72    69    68    67    67    64    60    55    52    58    63    68    69    64    62    56    54    59    60    58    57    55    48    37    37    50    54    55    55    60
 1958    60    65    74    80    66    80    73    75    70    58    58    72    79    84    85    72    68    67    71    80    73    60    50    55    51    50    55    60    59    61    68
 1959    58    61    63    60    65    58    58    57    56    60    49    45    46    49    64    61    52    64    72    58    58    68    61    52    47    40    39    42    55    53    49
 1960    64    65    67    67    76    66    70    71    75    79    81    81    73    68    63    68    60    57    50    42    57    68    60    49    42    50    58    54    53    57    53
 1961    51    60    70    70    79    78    74    76    70    72    72    77    69    55    76    77    80    72    47    55    58    54    59    58    52    51    58    58    63    56    65
 1962    65    62    59    60    62    60    64    63    74    84    80    73    80    77    80    70    68    69    66    60    64    54    48    46    39    46    69    56    54    56    50
 1963    79    83    72    74    86    94    89    75    81    75    74    65    76    80    85    72    72    66    65    66    72    78    83    78    74    70    62    57    56    63    54
 1964    75    71    74    65    52    51    65    60    48    50    51    58    66    71    72    78    70    58    47    57    55    47    51    70    73    71    67    60    51    64    64
 1965    66    74    64    58    63    63    57    55    55    70    60    57    58    65    68    68    80    79    71    68    55    58    53    50    65    58    56    50    60    69    61
 1966    58    73    70    61    60    72    80    82    78    62    65    62    60    71    69    46    61    56    55    65    63    61    54    51    60    70    78    73    53    55    53
 1967    81    84    85    82    69    64    55    51    45    43    50    65    68    67    65    64    65    57    57    55    61    75    74    70    47    40    39    42    46    44    54
 1968    78    78    54    56    55    52    66    62    58    65    67    70    69    79    83    82    74    52    54    64    70    66    59    47    50    61    58    43    51    56    73
 1969    79    72    78    84    80    70    62    59    75    71    61    53    40    50    46    42    54    59    52    58    61    54    45    49    50    48    42    45    48    45    46
 1970    75    74    67    70    82    79    70    69    65    54    56    58    61    56    50    56    62    65    63    61    64    60    58    62    63    59    61    55    50    45    39
 1971    83    80    72    66    70    56    66    60    53    67    62    53    57    74    70    62    76    75    74    65    71    64    61    59    64    66    66    57    57    73    68
 1972    74    74    65    66    64    58    64    61    55    65    65    54    66    59    42    59    49    33    39    42    45    44    38    43    54    63    61    48    49    41    42
 1973    64    68    72    64    68    58    62    74    76    71    72    67    64    76    68    53    58    59    62    62    69    73    73    75    69    67    55    44    49    56    51
 1974    45    51    56    73    67    50    52    68    60    72    63    60    50    48    51    59    62    55    54    48    57    64    64    72    67    63    70    67    62    63    63
 1975    50    57    74    75    74    74    76    72    63    57    63    81    86    79    63    58    58    54    60    69    68    75    68    63    52    56    65    59    51    57    62
 1976    90    80    82    68    58    47    47    53    59    66    73    71    60    75    75    42    45    38    37    41    35    43    49    44    40    38    39    50    50    49    49
 1977    59    60    64    65    62    55    49    45    54    55    43    52    62    64    55    56    61    54    61    66    67    55    50    56    54    63    61    61    58    57    56
 1978    71    69    58    60    55    52    48    60    60    64    62    57    53    50    51    52    55    55    66    75    76    69    52    61    55    52    55    52    59    67    59
 1979    60    62    62    48    60    52    68    60    49    49    54    50    49    59    68    70    64    55    65    76    72    55    38    49    45    46    55    67    67    63    61
 1980    64    59    50    52    60    68    78    75    69    63    59    53    53    51    45    64    50    45    53    59    52    50    63    42    39    40    36    40    46    55    57
 1981    61    58    52    65    59    55    59    62    58    64    60    61    66    62    61    65    59    52    58    57    46    46    40    31    40    52    65    59    65    69    58
 1982    70    63    69    76    75    72    67    69    64    55    50    52    54    68    61    58    59    66    59    49    39    51    58    59    64    61    53    57    59    54    57
 1983    80    86    79    63    69    67    71    59    58    57    59    53    46    56    54    55    62    62    57    48    48    51    50    51    55    58    74    73    57    56    53
 1984    67    71    68    74    68    64    70    68    63    67    63    67    64    65    65    62    62    53    53    57    48    49    46    56    46    61    66    60    55    48    51
 1985    50    62    63    60    48    60    62    65    56    51    54    58    65    59    52    56    62    56    64    54    55    62    65    62    67    73    69    57    57    57    51
 1986    68    62    64    59    60    58    61    70    54    60    59    59    43    49    55    64    65    59    67    76    74    64    64    58    52    50    55    69    68    60    58
 1987    79    75    61    74    73    53    52    59    58    45    52    65    71    70    71    71    57    57    56    53    47    53    47    49    53    49    53    52    59    67    60
 1988    74    69    65    57    52    58    63    64    71    67    62    53    61    73    76    75    64    56    52    50    52    54    53    48    47    49    53    41    39    44    63
 1989    81    80    52    61    62    62    54    56    64    63    81    80    79    77    78    76    49    44    42    55    64    68    77    79    80    78    75    66    60    59    46
 1990    68    76    74    69    83    83    67    53    49    53    65    65    64    63    60    70    69    59    52    54    51    57    66    65    53    63    61    54    67    65    72
 1991    73    73    72    54    48    50    60    77    68    61    69    67    56    54    49    73    75    74    46    58    69    75    76    75    48    46    48    55    66    37    32
 1992    81    83    82    72    68    71    69    68    52    59    64    64    57    54    50    47    46    46    40    54    54    80    78    71    74    71    58    55    44    46    45
 1993    64    53    73    72    65    80    85    84    47    53    58    57    55    69    65    57    61    59    62    60    53    63    72    70    72    66    46    54    45    35    39
 1994    70    62    56    60    69    74    73    60    58    62    65    67    68    69    63    65    66    72    68    64    75    74    55    52    42    53    65    70    60    60    60
 1995    74    70    67    69    68    57    52    63    62    72    82    85    84    69    54    62    76    70    62    60    40    52    60    58    62    62    58    49    44    43    38
 1996    82    75    54    59    74    71    67    58    60    55    62    72    80    76    73    78    77    62    62    61    60    55    44    47    63    65    65    54    57    59    32
 1997    69    85    92    92    85    87    87    84    73    69    77    76    65    50    56    62    61    63    63    54    50    45    50    49    45    44    43    45    58    51    63
 1998    60    60    51    59    67    68    53    64    67    70    70    58    58    57    66    73    67    55    59    61    55    63    68    70    68    75    64    67    56    54    51
 1999    65    49    45    55    67    66    76    67    76    68    68    76    62    63    78    60    50    49    51    52    72    46    47    54    67    61    67    62    74    74    68
 2000    77    76    70    60    58    45    43    47    58    63    68    75    76    76    69    59    64    75    82    81    71    71    66    70    71    70    69    56    57    59    72
 2001    79    84    83    58    57    55    55    65    65    65    68    66    68    56    48    49    56    56    63    62    64    64    59    59    48    38    44    64    64    55    63
 2002    80    75    53    65    62    59    53    62    62    73    76    75    56    60    60    46    46    58    56    51    49    41    40    39    43    45    44    42    46    47    44
 2003    54    54    63    64    68    72    83    82    80    78    76    71    68    62    62    59    58    79    79    82    82    63    62    57    54    48    48    46    41    57    52
 2004    67    60    73    74    64    79    78    74    72    71    71    64    63    53    47    46    51    58    55    53    55    55    66    68    67    61    51    56    80    80    50
 2005    84    83    89    89    86    62    50    56    58    60    60    61    69    77    76    68    72    77    77    58    58    52    48    47    53    52    54    60    67    67    55
 2006    82    83    84    83    62    66    74    74    72    53    52    37    47    48    59    53    56    57    44    53    51    41    38    46    52    52    55    54    56    67    69
 2007    74    66    74    80    83    87    86    81    68    56    52    54    63    61    56    59    66    63    61    76    73    68    64    64    57    56    53    58    67    69    68
 2008    61    64    65    63    63    73    72    69    69    71    78    80    78    66    56    57    56    59    68    68    57    53    50    51    59    60    42    47    56    69    69
 2009    61    53    52    53    55    56    63    63    50    47    43    44    43    41    43    48    48    58    67    67    64    63    41    54    54    53    54    53    53    62    49
 2010    73    73    57    64    71    75    76    84    88    88    82    82    81    71    71    70    70    62    62    70    70    66    66    63    62    65    49    40    53    62    55
 2011    61    72    77    80    83    82    83    83    83    80    75    75    65    61    61    61    57    55    48    53    59    62    67    65    68    62    53    54    54    54    51
 2012    72    73    77    77    56    49    52    66    64    52    54    52    62    65    62    68    67    59    49    54    70    70    73    73    72    43    41    48    49    50    50