 1893   -99   -99   -99   -99   -99   -99   -99   -99   -99   -99   -99   -99   -99   -99   -99   -99   -99   -99   -99   -99   -99   -99   -99   -99   -99   -99   -99   -99   -99   -99
 1894    26    22    40    36    32    31    34    32    34    30    33    36    40    42    45    40    50    58    43    34    36    34    33    35    40    40    50    53    55    62
 1895    29    26    23    31    36    52    39    42    32    33    34    44    37    27    38    35    32    30    31    37    48    32    34    49    45    47    39    47    54    65
 1896    20    15    13    19    25    23    20    29    30    31    41    65    50    42    58    52    54    53    35    56    48    31    42    47    40    42    54    62    64    60
 1897    37    36    40    41    33    30    30    34    30    31    30    35    34    30    33    32    26    32    22    21    36    52    51    52    45    48    45    46    42    32
 1898    32    24    32    21    18    22    21    38    33    37    28    42    38    34    28    50    43    36    25    36    32    33    32    32    38    33    40    43    35    34
 1899    12    12    17    16    26    32    32    27    30    28    30    33    53    37    30    42    38    40    29    42    29    30    47    47    65    49    62    52    46    45
 1900    30    27    28    24    27    37    37    43    33    25    27    23    27    29    40    42    41    41    32    36    44    45    47    50    47    50    54    44    42    37
 1901    24    33    23    27    39    35    28    25    22    35    35    41    39    33    30    42    31    24    20    26    24    33    46    42    36    44    52    46    54    56
 1902    29    27    22    27    38    39    20    26    28    31    37    34    24    27    25    41    38    44    36    43    50    40    37    29    44    38    33    44    46    36
 1903    47    37    32    28    38    40    38    32    40    44    48    42    35    37    37    31    30    38    50    42    40    32    30    40    34    31    49    53    46    27
 1904    32    28    21    26    37    43    31    32    30    30    37    28    38    39    28    21    23    32    23    28    27    39    47    48    40    33    31    32    35    33
 1905    39    42    38    35    29    25    24    34    34    43    34    33    28    20    27    27    29    29    30    42    33    29    33    47    44    50    52    50    42    38
 1906    27    32    40    35    32    32    35    43    38    33    29    47    53    37    36    28    39    51    49    47    46    37    29    43    47    49    44    45    48    35
 1907    23    37    38    37    30    27    38    34    27    23    34    30    25    18    35    28    23    30    29    27    23    38    38    33    32    22    35    38    33    28
 1908    27    12    20    23    30    36    27    29    23    38    33    27    38    41    47    33    33    43    44    38    35    40    43    52    48    36    33    32    34    22
 1909    23    30    35    31    37    36    32    25    22    17    36    32    25    29    31    39    37    40    37    34    36    30    23    34    35    40    28    32    34    31
 1910    38    31    41    55    40    33    29    34    46    40    45    35    39    44    44    28    20    29    34    28    39    28    20    28    32    45    42    49    36    46
 1911    15    21    25    30    31    25     6    31    30   -99   -99   -99   -99    31    27    30    27    45    42    47    42    25    34    28    27    31    52    54    52    46
 1912    32    24    20    38    46    38    28    40    41    27    35    43    43    49    41    37    35    32    25    26    41    35    29    32    46    43    28    42    38    33
 1913    31    41    38    32    27    26    33    35    33    35    32    32    29    35    33    38    53    45    30    34    40    52    57    48    38    27    28    30    26    33
 1914    39    36    31    29    21    35    29    19    23    33    24    32    33    35    37    39    54    50    32    35    40    50    43    54    55    46    59    55    43    45
 1915    31    32    22    35    36    37    34    41    49    40    41    32    27    41    41    52    40    51    48    44    43    47    57    51    55    52    56    49    41    33
 1916    29    26    35    26    27    16    23    28    20    33    44    47    45    31    30    40    38    30    43    48    34    34    31    44    40    38    33    30    50    41
 1917    33    23    26    37    31    23    26    24    22    32    39    30    24    25    22    29    37    44    56    55    35    38    39    39    39    34    31    34    33    35
 1918    24    25    26    21    21    23    35    27    20    20    20    20    26    27    28    41    39    33    28    28    29    32    29    22    22    28    31    44    37    35
 1919    21    26    39    33    46    43    42    39    39    41    35    35    32    45    32    30    34    28    47    46    40    41    46    32    23    25    44    44    36    43
 1920    41    17    15    18    14    20    22    23    24    31    31    28    22    25    38    31    27    38    38    41    44    47    40    41    45    41    37    34    33    44
 1921    24    37    50    55    56    59    40    38    26    23    26    43    42    47    33    27    27    31    35    45    52    48    40    55    57    50    42    33    30    32
 1922    25    40    44    31    40    41    47    32    45    37    32    29    35    32    30    46    34    29    32    25    34    26    35    47    46    40    39    31    30    36
 1923    22    35    31    24    24    33    22    21    26    20    34    26    32    20    28    31    26    32    51    57    51    40    43    41    30    45    36    35    34    36
 1924     9     9    33    36    36    29    40    35    29    26    23    22    43    39    35    45    30    28    24    26    35    27    37    47    47    43    44    37    31    41
 1925    26    25    30    35    22    27    32    44    41    37    49    44    46    33    26    24    42    40    39    37    38    55    63    60    46    48    31    31    32    32
 1926    18    17    21    29    14    24    23    19    31    24    30    20    26    20    15    44    29    22    21    31    54    39    35    37    27    23    36    30    40    48
 1927    31    29    32    39    39    35    29    34    34    43    39    44    32    39    42    45    57    48    41    32    31    27    19    32    34    44    44    40    44    33
 1928    30    40    39    58    38    32    24    21    14    27    29    31    28    23     9    30    28    33    24    20    35    29    30    30    29    25    23    23    42    45
 1929    22    27    39    64    66    59    43    30    33    33    33    31    28    33    31    36    36    31    43    43    39    32    35    43    42    40    40    41    28    40
 1930    18    23    33    19    45    37    34    28    39    55    46    46    48    40    34    34    35    36    29    39    33    24    19    22    23    24    42    44    50    56
 1931    18    19    29    28    23    26    35    34    44    32    25    42    50    40    52    49    37    47    48    42    36    32    28    22    26    28    25    32    35    27
 1932    25    33    26    26    33    45    42    30    24    33    34    23    26    24    26    40    30    29    36    46    44    43    50    42    36    33    29    29    41    42
 1933    36    32    33    29    26    33    30    32    28    35    28    29    33    25    25    28    39    43    36    45    44    33    27    42    42    30    21    50    41    56
 1934    36    32    33    29    36    33    30    32    28    35    28    29    33    25    25    28    39    43    36    45    44    33    27    42    42    30    21    50    41    56
 1935    30    25    21    25    31    36    30    26    27    38    39    37    25    39    20    25    35    29    40    35    37    33    45    48    53    57    57    45    38    32
 1936    19    20    15    18    29    10    10    19    42    40    35    32    30    49    44    33    30    25    27    42    28    23    25    40    42    31    44    47    42    44
 1937    31    23    29    30    30    26    38    36    26    27    24    37    40    42    41    41    47    38    35    49    41    30    41    42    34    37    37    39    44    48
 1938    24    21    25    19    19    25    26    26    29    28    41    29    49    58    54    52    50    45    55    33    44    26    45    45    38    50    60    46    37    40
 1939    26    21    22    26    36    21    19    20    21    31    22    16    19    36    34    39    33    31    33    37    37    27    54    62    59    41    42    44    34    37
 1940    29    32    37    34    23    22    35    33    25    35    20    17    19    30    51    30    34    32    28    40    29    40    44    26    28    30    36    48    52    38
 1941    32    29    36    32    31    34    41    41    43    39    38    58    63    57    45    43    37    51    53    38    33    27    38    28    29    39    39    38    41    54
 1942    29    32    26    42    33    35    31    23    26    22    23    33    26    33    55    55    30    28    29    25    28    34    51    34    45    54    48    42    52    60
 1943    27    24    23    38    30    27    37    26    33    33    27    32    24    22    17    36    20    34    31    26    21    31    42    31    47    31    46    27    46    43
 1944    29    19    21    21    22    19    25    28    31    27    33    19    21    35    29    27    20    30    24    39    39    40    44    37    39    39    27    26    34    49
 1945    47    35    32    25    24    28    32    40    53    57    46    30    44    33    33    36    34    30    22    26    35    41    47    37    27    37    25    29    36    30
 1946    40    36    36    32    20    29    27    33    20    29    30    18    42    44    29    18    37    44    43    29    45    52    40    27    33    27    15    39    27    34
 1947    36    34    36    37    38    30    26    29    32    38    35    23    21    33    31    29    27    23    28    26    23    42    39    26    30    29    40    29    53    45
 1948    26    27    18    44    36    22    44    29    17    30    35    29    17    17    26    40    21    46    59    39    23    37    46    57    57    52    42    41    32    30
 1949    27    30    22    22    34    24    30    26    24    28    25    29    34    34    25    12    32    28    22    36    45    42    43    25    36    52    42    36    36    38
 1950    29    26    32    33    27    14    35    24    27    32    29    20    17    16    20    33    34    43    34    27    20    27    35    39    34    30    29    29    37    34
 1951    28    24    22    24    20    32    35    34    30    30    36    37    35    33    29    27    19    41    23    30    37    31    29    36    42    28    45    48    54    57
 1952    35    34    31    32    32    31    21    38    29    20    20    31    30    33    23    26    30    35    37    41    54    53    46    27    31    39    49    41    43    47
 1953    35    28    35    35    26    24    28    41    41    37    28    26    20    24    34    27    22    19    28    28    22    53    31    40    40    36    28    40    38    43
 1954    22    23    10    23    26    50    40    26    32    48    29    23    46    51    45    35    30    44    40    42    49    34    43    54    53    52    45    46    44    53
 1955    30    27    37    41    38    38    25    27    43    40    43    50    52    44    43    45    31    53    44    53    36    33    47    44    43    36    53    56    32    38
 1956    37    42    45    35    28    32    26    26    32    21    23    34    20    40    33    34    31    32    26    18    34    35    26    15    39    27    46    34    29    20
 1957    34    32    26    31    33    30    27    29    27    18    18    20    22    19    24    44    49    37    57    59    36    43    50    56    48    55    50    59    38    40
 1958    35    40    38    38    42    34    26    24    27    28    25    25    26    27    32    34    53    36    54    50    40    36    35    37    25    34    31    42    23    38
 1959    35    29    38    25    42    24    47    32    32    30    21    32    21    24    45    41    53    40    38    34    20    24    40    46    42    43    39    41    45    46
 1960    35    37    34    30    28    30    33    28    20    16    41    27    50    40    38    38    34    25    45    49    34    53    63    65    47    40    32    38    49    35
 1961    23    24    21    23    35    29    28    21    30    20    30    34    22    40    29    24    25    27    28    50    35    41    33    42    41    27    36    33    27    38
 1962    27    12    19    35    30    25    29    33    26    22    33    32    22    23    23    19    34    27    28    31    45    51    32    43    54    57    59    40    42    54
 1963    51    56    35    28    25    29    35    41    28    29    30    29    32    26    38    52    44    31    42    35    34    33    33    26    43    36    45    53    51    33
 1964    21    37    30    24    35    33    34    26    23    26    50    37    32    36    26    37    53    40    35    43    48    41    41    36    35    47    53    48    42    43
 1965    36    28    30    33    34    38    34    36    26    40    45    38    27    39    44    33    32    38    25    39    45    40    46    38    37    35    31    28    33    44
 1966    40    26    36    24    34    33    30    29    27    22    35    33    30    28    37    33    35    45    50    33    25    32    47    37    41    38    36    33    27    35
 1967    38    47    25    37    35    40    33    35    48    27    26    37    40    52    50    56    39    37    26    42    48    28    29    30    26    38    35    35    57    55
 1968    18    28    45    28    18    30    42    41    29    25    36    57    53    37    26    49    50    46    46    51    48    47    36    30    27    34    29    45    34    36
 1969    28    35    36    46    38    25    30    51    46    41    27    35    36    48    48    43    47    33    27    35    45    43    36    27    35    55    48    34    25    33
 1970    25    20    30    22    29    36    25    50    35    21    38    37    35    34    35    34    35    35    39    37    36    29    33    38    40    52    60    60    58    53
 1971    28    13    16    20    19    19    24    39    44    25    51    44    36    25    30    55    41    50    49    47    40    30    30    28    32    36    38    38    33    30
 1972    26    30    28    17    22    30    17     7    24    36    35    36    40    37    36    42    38    54    40    37    38    34    31    31    30    32    44    46    44    46
 1973    36    35    33    33    29    34    37    29    24    20    16    28    20    33    47    29    37    42    56    61    60    39    34    31    44    36    36    30    43    43
 1974    28    31    36    31    29    27    35    22    33    35    48    43    34    32    31    33    37    43    29    47    52    35    31    25    47    50    59    57    55    39
 1975    14    18    12    10    24    27    27    28    27    27    27    26    25    37    36    39    42    36    28    31    28    28    49    48    41    39    39    41    41    40
 1976    30    30    39    28    34    35    35    29    31    44    27    27    37    55    57    65    52    55    36    40    43    37    41    41    35    29    28    31    38    47
 1977    31    31    33    31    27    21    33    28    36    55    59    56    51    48    51    56    56    58    56    56    49    45    42    42    35    37    45    39    35    40
 1978    34    28    28    39    31    41    38    28    35    39    35    42    28    30    33    31    30    39    37    33    30    34    43    41    37    38    39    44    50    36
 1979    26    28    21    25    13     8    24    24    27    22    34    36    36    30    31    34    33    43    46    48    42    38    45    52    42    33    32    33    34    32
 1980    30    31    32    28    32    44    45    33    28    27    22    31    27    27    33    28    43    41    48    44    53    62    45    27    41    35    42    39    42    48
 1981    42    37    54    41    28    24    44    45    35    49    50    44    48    33    26    46    50    35    42    31    30    47    39    36    36    42    52    47    45    46
 1982    28    40    22    13    19     5     8    21    21    25    18    34    38    35    45    52    40    36    42    28    27    32    39    36    49    46    32    35    41    41
 1983    39    34    32    32    32    33    33    28    33    32    30    34    43    28    23    27    20    22    23    27    32    35    44    34    38    52    41    47    42    46
 1984    27    32    36    36    32    33    31    40    39    46    41    43    42    43    39    41    32    34    41    39    41    32    33    33    40    48    55    36    38    32
 1985    22    24    35    32    33    32    31    25    23    37    36    51    48    40    30    48    38    62    67    64    56    58    54    44    42    44    44    43    45    50
 1986    49    35    40    44    48    48    40    34    35    36    34    40    39    27    28    36    36    45    46    43    35    20    37    54    53    51    64    47    39    55
 1987    35    24    16    19    24    28    29    32    33    41    31    38    43    47    47    40    37    43    50    62    44    40    42    41    46    42    49    32    46    35
 1988    30    44    41    44    45    42    30    46    46    38    37    28    34    31    26    25    45    28    19    32    25    35    33    25    43    40    34    28    30    33
 1989    20    26    34    28    37    25    22    31    19    19    27    23    21    38    25    47    42    36    24    47    44    44    44    49    52    50    53    44    44    37
 1990    40    29    26    31    31    18    15    28    48    36    25    21    24    30    35    31    25    21    41    48    41    42    58    67    62    61    60    43    37    34
 1991    23    28    38    47    43    60    60    50    38    29    35    33    35    40    32    39    31    46    44    36    30    29    38    32    40    37    56    38    59    46
 1992    27    18    27    25    27    45    40    28    36    38    34    21    32    37    39    39    42    41    56    52    36    33    37    37    36    37    32    27    41    42
 1993    25    18    17    19    20    31    39    43    34    25    36    35    28    34    32    30    24    36    40    31    24    28    40    51    37    32    42    47    42    34
 1994    26    34    20    30    20    20    18    36    37    29    28    40    38    33    42    38    33    39    37    28    39    28    35    59    60    59    38    32    32    37
 1995    25    22    35    10    15    28    33    36    31    28    32    33    32    32    42    38    42    44    34    36    35    27    29    38    31    42    35    31    47    41
 1996    21    39    33    29    21    17    24    17    18    23    48    43    31    28    31    34    26    53    36    41    28    39    24    34    52    32    27    37    36    32
 1997    36    39    37    42    53    24    18    13    15    25    29    28    20    28    41    28    20    27    37    33    42    32    43    32    27    31    40    31    48    43
 1998    36    37    40    27    27    43    50    41    42    30    34    55    51    39    46    34    27    34    33    44    40    32    34    36    48    47    34    30    35    50
 1999    50    46    47    42    37    40    33    33    39    39    41    34    33    36    46    40    36    38    31    33    43    42    36    29    32    39    46    46    36    34
 2000    37    33    34    29    23    37    30    22    32    34    32    22    42    47    38    34    34    47    48    41    33    28    48    33    31    32    38    50    39    35
 2001    22    31    28    29    41    41    49    37    42    41    48    40    31    36    42    27    29    23    34    81    58    48    43    33    42    52    39    50    50    60
 2002    20    30    22    23    24    17    42    44    29    35    51    43    34    51    49    67    53    53    46    39    32    32    31    46    30    26    37    36    39    39
 2003    35    42    35    29    18    16    26    24    14    22    29    28    37    54    63    43    34    37    44    44    42    28    29    44    32    34    50    47    42    47
 2004    22    24    28    22    23    47    29    43    27    27    18    22    19    27    34    42    47    57    46    34    45    38    37    33    42    41    26    49    62    44
 2005    28    28    31    33    50    45    43    31    45    56    59    44    34    29    33    33    42    47    57    53    44    48    30    30    32    38    33    25    25    24
 2006    38    39    38    28    27    48    39    30    28    41    55    51    39    46    36    49    44    43    49    42    42    42    34    39    37    27    34    43    50    50
 2007    39    38    38    18    20    19    16    25    19    21    32    28    25    26    26    28    44    35    37    32    41    55    53    42    45    42    38    44    41    48
 2008    31    18    29    25    36    45    33    36    32    36    37    33    27    22    37    49    43    41    41    44    43    47    34    53    54    34    33    33    28    32
 2009    31    22    27    26    31    28    25    23    22    34    25    27    40    38    24    28    29    37    45    32    37    31    45    53    44    42    47    37    45    52
 2010    42    56    38    46    33    46    44    32    23    38    32    37    46    51    60    46    30    29    35    33    35    40    39    52    48    45    40    29    52    58
 2011    30    30    43    38    26    42    27    41    46    55    43    32    45    42    38    31    31    36    32    31    25    40    40    40    31    45    35    33    27    51
 2012    37    47    48    37    38    28    38    28    27    23    26    25    46    48    58    39    28    51    42    36    29    42    35    41    49    46    36    38    39    42