 1893   -99   -99   -99   -99   -99   -99   -99   -99   -99   -99   -99   -99   -99   -99   -99   -99   -99   -99   -99   -99   -99   -99   -99   -99   -99   -99   -99   -99   -99   -99   -99
 1894   -99   -99   -99   -99   -99   -99   -99   -99   -99   -99   -99   -99   -99   -99   -99   -99   -99   -99   -99   -99   -99   -99   -99   -99   -99   -99   -99   -99   -99   -99   -99
 1895    62    54    58    55    61    60    54    53    54    61    45    39    29    38    27    40    34    44    43    32    34    32    34    47    57    40    35    61    72    69    62
 1896    53    54    54    53    56    60    66    64    66    55    57    54    58    49    45    54    64    42    44    55    55    54    51    56    60    53    47    46    45    52    43
 1897    30    31    44    36    41    48    47    58    53    42    46    42    40    42    32    33    42    52    60    49    48    46    48    37    31    51    58    48    34    35    28
 1898    51    48    48    45    40    36    37    43    53    49    38    36    35    48    46    47    42    43    52    53    54    55    52    53    52    49    60    55    50    41    51
 1899    48    36    48    34    38    44    51    50    44    49    42    50    35    45    40    54    45    37    38    42    41    42    38    52    55    59    61    58    55    48    58
 1900    44    43    30    29    27    42    46    52    40    38    53    62    64    60    55    51    48    43    42    38    45    52    56    48    50    59    57    57    48    59    50
 1901    58    58    48    50    54    56    50    48    53    45    35    34    40    33    43    47    50    54    44    45    43    52    55    44    37    32    42    42    38    42    43
 1902    46    53    52    48    43    50    42    46    39    37    38    53    55    48    44    50    56    57    60    62    61    64    62    58    57    48    44    46    56    54    65
 1903    33    38    32    45    44    48    38    36    53    53    53    58    48    53    50    50    60    65    61    50    60    62    63    52    60    60    59    56    58    48    47
 1904    34    39    43    50    57    58    57    50    41    36    49    45    40    41    32    35    40    42    44    49    52    63    57    42    53    52    44    46    52    54    50
 1905    38    55    63    55    39    42    33    34    38    40    48    42    52    52    43    42    42    43    40    42    48    52    40    45    48    35    51    52    53    50    51
 1906    48    43    42    48    42    33    29    36    33    33    47    66    59    56    56    63    63    50    40    42    53    57    56    62    62    42    39    32    47    48    54
 1907    27    33    29    22    35    30    35    36    38    32    29    45    63    37    41    35    45    43    30    31    48    48    50    51    40    33    33    35    47    52    53
 1908    28    28    20    32    38    41    44    41    29    37    50    47    49    47    47    42    52    57    46    45    56    42    41    53    62    53    58    60    59    55    40
 1909    26    29    29    27    47    46    37    47    32    30    34    51    49    53    46    42    43    51    47    52    42    47    52    54    49    52    48    46    62    61    55
 1910    38    35    30    40    41    45    43    41    50    47    41    36    36    43    47    48    50    41    53    57    53    48    52    46    46    37    46    52    58    42    47
 1911    31    24    23    27    30    38    45    57    59    60    47    42    35    52    63    65    67    67    65    55    58    57    49    50    62    68    62    53    50    54    59
 1912    37    38    56    62    51    53    47    40    34    46    43    41    32    29    40    42    32    50    41    44    47    55    63    45    41    54    60    53    53    45    50
 1913    48    48    58    37    41    34    35    42    39    33    34    48    45    39    41    55    53    51    45    44    46    43    37    50    53    47    48    63    68    67    52
 1914    43    46    54    50    52    43    42    40    39    55    41    38    42    36    33    32    42    64    56    64    63    51    50    55    69    61    65    68    58    45    52
 1915    39    44    41    43    42    40    34    39    30    33    55    56    55    52    49    44    30    33    31    42    45    44    41    44    59    40    37    44    47    42    38
 1916    37    28    38    42    50    52    43    48    39    60    45    37    38    48    46    38    37    35    44    38    50    54    54    49    66    70    54    49    55    52    52
 1917    36    33    34    38    27    30    31    40    42    40    36    34    35    37    40    45    55    50    54    53    44    39    31    32    36    40    45    40    41    50    57
 1918    27    27    42    42    56    61    52    44    53    42    40    42    32    34    42    58    64    59    58    43    43    49    41    43    55    67    59    58    56    56    59
 1919    44    30    46    42    43    42    42    38    37    39    37    38    39    49    50    42    42    36    48    46    44    50    51    41    43    46    52    52    50    53    63
 1920    32    36    36    43    33    37    45    39    40    49    44    44    37    31    34    46    46    48    46    50    42    55    54    47    52    54    54    46    50    49    55
 1921   -99   -99   -99   -99   -99   -99   -99   -99   -99   -99   -99   -99   -99   -99   -99   -99   -99   -99   -99   -99   -99   -99   -99   -99   -99   -99   -99   -99   -99   -99   -99
 1922    46    55    55    49    50    50    44    51    61    68    63    41    57    45    48    48    45    48    48    51    53    55    55    59    60    54    43    43    47    49    49
 1923    51    51    52    52    34    41    51    32    30    33    41    41    36    45    47    42    30    41    53    52    42    52    44    60    33    39    59    58    49    60    51
 1924    30    30    37    28    41    40    46    37    31    36    28    45    35    34    35    38    47    40    30    29    33    33    40    32    31    33    40    34    36    29    37
 1925    33    25    43    38    35    30    23    28    27    33    24    40    50    39    37    40    28    30    39    55    54    58    57    33    29    29    48    44    39    48    65
 1926    43    52    30    37    54    50    58    53    53    44    37    35    41    35    34    50    48    50    40    33    45    35    40    57    54    53    46    48    55    54    56
 1927    43    51    48    42    39    41    42    54    55    42    39    35    50    42    38    33    49    49    48    45    53    63    62    58    48    47    43    44    43    46    47
 1928    40    49    63    46    40    32    36    50    48    58    43    29    32    46    56    57    52    53    54    50    48    43    49    51    52    48    43    30    45    37    38
 1929    40    38    28    27    31    32    26    41    27    46    50    39    44    51    37    31    44    44    27    36    32    44    53    39    45    53    61    61    69    58    54
 1930    58    47    39    56    61    59    48    40    55    63    61    48    42    45    45    43    28    39    40    44    60    49    46    32    40    45    47    44    34    33    35
 1931    38    36    28    40    37    29    30    34    38    40    42    40    37    37    47    51    34    58    48    37    35    38    25    48    45    44    58    59    55    51    35
 1932    43    29    52    46    46    57    55    51    53    47    42    55    51    50    61    41    34    45    54    55    55    44    44    58    45    57    43    34    40    50    54
 1933    52    40    35    35    42    39    40    43    37    33    45    50    50    47    46    49    56    53    58    60    49    57    62    56    47    60    59    47    47    50    47
 1934    52    40    35    35    42    39    40    42    37    33    45    50    50    47    46    49    56    53    58    60    49    57    62    56    47    60    59    47    47    50    47
 1935    35    35    31    27    36    42    40    51    42    37    49    52    47    39    42    37    34    40    52    48    44    42    38    38    40    55    56    52    52    54    46
 1936    60    43    38    46    42    66    66    58    60    57    54    51    47    37    52    57    63    48    42    48    59    63    63    55    49    57    49    50    50    46    49
 1937    39    52    54    52    41    39    37    45    40    33    51    49    44    38    40    49    40    40    39    44    59    48    41    50    58    62    55    52    65    68    67
 1938    48    60    64    59    44    38    36    38    36    42    40    33    38    46    44    38    54    53    57    52    52    42    49    34    51    42    59    58    54    54    61
 1939    36    34    39    51    50    59    61    54    42    53    33    31    32    41    44    45    48    43    53    58    60    51    59    52    65    65    64    59    49    62    65
 1940    32    35    30    33    41    45    50    48    38    49    32    54    48    54    39    40    34    41    48    41    50    42    40    44    48    37    49    52    41    41    44
 1941    51    45    51    49    54    56    44    41    36    32    36    35    34    60    60    52    33    45    54    62    54    53    38    31    44    63    62    63    61    58    60
 1942    56    49    41    34    36    38    32    32    42    37    48    47    58    39    34    26    40    51    32    33    35    34    32    36    38    57    50    58    59    61    62
 1943    21    45    42    32    55    51    35    34    32    46    43    41    32    27    44    44    32    48    43    50    38    43    54    46    44    43    46    40    66    64    66
 1944    55    46    46    31    27    27    30    43    32    38    59    61    54    43    53    61    60    46    42    51    59    56    60    56    58    56    56    50    55    59    62
 1945    24    38    40    31    31    35    41    33    22    32    33    46    35    39    41    36    39    27    41    52    59    48    36    47    57    53    55    51    50    36    40
 1946    41    54    50    40    34    33    28    25    24    38    26    32    29    40    42    36    37    44    48    31    29    38    55    55    43    38    37    43    40    43    47
 1947    36    38    32    26    34    31    29    30    22    31    44    53    52    48    53    39    45    38    56    32    34    47    38    34    38    38    44    30    30    30    40
 1948    44    44    29    41    41    43    28    26    38    38    39    42    42    29    46    45    38    34    40    50    50    38    45    31    32    32    39    48    40    48    35
 1949    54    46    48    70    67    59    37    40    47    40    40    42    52    50    53    50    62    60    49    49    46    58    40    36    41    34    42    48    46    58    46
 1950    27    31    49    57    43    40    31    38    45    41    32    49    46    44    40    47    41    44    49    54    53    45    50    61    56    49    41    49    48    51    43
 1951    62    59    49    48    41    41    38    40    49    42    30    34    45    50    63    66    58    58    58    52    47    55    40    41    59    53    52    55    55    50    59
 1952    50    51    52    54    52    44    44    42    43    47    39    39    39    48    41    44    45    36    35    45    41    52    56    58    48    45    57    45    32    53    51
 1953    44    43    41    38    38    49    46    45    49    63    49    40    29    38    46    45    48    44    35    54    48    48    49    44    60    50    46    54    61    74    52
 1954    43    39    29    31    32    30    28    35    31    36    35    40    36    38    52    46    38    35    38    30    47    43    59    57    38    39    50    56    50    43    65
 1955    45    62    63    52    50    40    49    33    43    45    43    45    41    45    37    38    42    40    52    52    52    59    56    55    47    50    60    54    53    39    43
 1956    38    43    33    32    44    46    37    38    56    51    47    54    63    48    40    29    45    33    36    44    50    53    45    43    49    59    62    56    63    65    53
 1957    44    50    38    28    28    32    43    58    51    44    45    53    53    55    44    37    43    43    44    44    50    51    47    37    57    49    47    41    55    59    62
 1958    37    45    55    44    27    36    30    44    32    53    52    44    42    50    57    53    54    56    43    34    32    55    32    49    40    50    50    36    38    58    58
 1959    51    64    65    65    61    53    39    32    50    56    44    42    43    35    36    33    44    56    56    62    60    52    47    39    56    66    56    55    60    60    59
 1960    31    44    53    58    47    37    34    33    38    34    34    29    38    40    49    52    52    46    58    61    55    57    47    51    53    58    55    54    59    52    48
 1961    30    28    29    30    36    49    39    52    38    32    54    53    66    56    46    35    45    43    45    50    44    37    35    42    53    32    34    48    45    39    57
 1962    50    35    43    45    63    49    40    43    41    43    45    53    66    69    68    68    69    66    63    55    54    58    58    54    47    55    53    55    53    60    55
 1963    26    47    46    50    46    40    51    68    61    48    42    44    49    47    43    43    50    51    44    34    40    35    27    36    39    45    57    54    48    40    60
 1964    47    50    58    58    60    68    46    61    49    42    45    56    47    39    55    57    51    61    61    48    53    66    68    62    46    66    43    46    40    46    41
 1965    53    61    62    52    52    65    66    61    63    45    50    42    43    57    61    54    43    60    38    42    63    55    48    52    63    60    42    36    30    37    45
 1966    27    31    29    27    55    42    38    44    27    22    34    38    38    34    50    36    55    42    47    40    45    47    56    43    40    54    60    42    37    38    34
 1967    41    31    25    35    35    26    30    44    33    48    40    32    37    41    34    31    44    55    48    32    52    31    53    47    55    62    61    51    50    55    53
 1968    45    50    50    41    28    37    53    46    42    34    43    41    40    60    50    43    35    40    42    43    44    47    42    47    45    50    46    45    52    44    47
 1969    50    58    53    54    50    60    45    50    43    40    35    28    39    41    52    60    45    42    38    45    39    40    46    48    50    48    64    66    66    48    59
 1970    40    32    40    44    45    34    45    59    64    50    53    54    50    45    47    40    35    56    58    55    69    66    60    61    55    41    44    49    64    65    62
 1971    34    35    26    35    40    47    36    40    33    43    51    35    33    40    50    41    50    50    43    42    37    48    51    54    42    40    31    35    40    44    55
 1972    53    44    39    46    35    49    45    37    41    38    47    52    54    46    45    48    58    63    59    65    57    60    57    57    57    60    58    61    61    45    36
 1973    49    37    32    32    44    48    51    51    51    49    43    41    37    39    34    41    35    49    49    46    56    56    54    56    49    40    46    52    44    41    54
 1974    39    50    40    36    48    28    35    37    35    39    51    44    35    42    41    49    47    48    48    56    66    56    52    48    32    47    49    58    63    55    53
 1975    37    44    47    39    49    46    47    53    49    45    52    45    40    56    47    37    51    60    60    67    63    63    67    60    60    59    46    56    54    53    44
 1976    38    35    34    32    57    33    33    36    50    51    43    40    46    41    48    47    45    38    48    62    55    53    46    41    42    44    49    53    53    54    52
 1977    50    48    50    52    52    48    42    43    34    40    54    51    55    56    65    61    62    67    66    63    57    65    59    60    61    62    61    69    56    59    60
 1978    28    32    35    42    39    39    48    47    36    40    59    49    44    52    46    50    51    49    55    52    41    46    54    56    56    67    64    64    62    60    55
 1979    35    45    34    33    37    39    57    56    50    63    39    33    37    44    39    43    59    59    48    49    38    47    48    40    40    47    41    43    57    56    54
 1980    50    49    55    49    53    40    31    39    35    50    38    38    43    34    37    41    49    50    48    47    50    52    55    57    59    56    58    61    61    60    55
 1981    42    40    37    61    49    35    35    44    42    29    32    37    42    42    44    48    49    42    39    41    49    57    59    51    49    55    56    58    60    51    45
 1982    40    39    49    57    59    42    41    45    49    59    59    58    61    62    57    50    59    57    56    57    45    50    48    49    55    55    57    56    58    54    58
 1983    42    44    44    43    41    49    48    32    36    41    50    54    49    39    34    45    43    48    51    49    52    56    42    52    46    37    49    52    43    45    46
 1984    33    36    41    33    42    41    46    34    40    46    53    40    49    42    41    44    53    61    61    52    57    58    48    54    49    43    46    45    38    45    51
 1985    50    41    49    55    56    48    51    44    59    62    60    58    45    50    53    50    44    48    53    48    42    45    56    57    57    66    54    47    52    59    56
 1986    46    36    30    54    58    44    43    52    52    54    56    62    54    53    51    49    50    45    43    37    36    40    42    52    50    54    58    57    59    54    57
 1987    49    51    50    37    31    37    38    37    52    57    62    40    47    61    41    46    55    63    53    53    65    45    42    43    50    57    63    67    60    60    63
 1988    37    50    51    37    39    38    60    53    53    46    39    45    41    38    51    50    35    42    48    47    46    55    60    46    38    49    60    65    58    56    55
 1989    33    29    30    49    38    25    29    38    39    35    32    36    39    46    46    45    54    60    58    53    42    49    48    61    52    46    34    38    56    61    57
 1990    32    29    34    48    38    34    47    61    44    40    30    48    39    53    48    53    47    40    45    44    39    38    54    49    57    54    48    53    48    40    40
 1991    41    31    40    46    44    39    36    46    41    48    54    55    60    53    58    62    53    43    46    46    59    56    68    67    65    64    65    57    67    61    63
 1992    64    57    41    38    35    26    40    36    38    51    63    57    42    47    51    54    54    42    45    49    54    62    47    38    41    37    31    35    39    40    41
 1993    47    52    50    54    53    47    59    65    65    56    58    49    37    49    45    33    35    41    33    38    33    37    57    51    38    40    57    50    41    51    46
 1994    28    29    31    41    39    31    44    36    37    35    61    38    41    56    51    39    45    43    41    44    44    56    55    57    51    46    35    46    57    58    57
 1995    33    42    42    45    40    35    50    50    47    46    42    39    54    51    36    51    42    42    37    52    39    41    48    42    42    41    52    54    50    44    47
 1996    29    29    42    42    44    39    40    46    48    49    39    32    28    35    47    54    58    58    65    56    45    44    55    47    44    44    47    47    36    40    40
 1997    34    44    41    32    53    32    42    49    42    30    52    36    28    42    33    28    37    47    47    32    30    34    44    52    53    45    39    48    52    52    42
 1998    42    48    51    44    50    41    41    55    57    44    41    51    44    52    70    56    47    62    62    52    46    51    51    50    48    45    55    67    60    54    54
 1999    35    38    50    59    59    45    51    44    32    50    60    55    45    39    51    60    56    52    43    55    60    51    52    43    40    46    41    51    52    52    63
 2000    53    40    44    54    60    61    61    63    40    35    53    60    41    31    32    51    54    49    35    37    49    53    52    48    43    51    53    53    44    55    60
 2001    55    55    52    50    50    53    52    48    43    60    49    37    42    56    69    62    53    46    44    58    52    44    40    39    48    45    42    41    44    47    46
 2002    38    34    25    37    33    54    46    49    43    35    46    43    35    37    42    53    40    31    30    32    31    51    61    46    42    51    51    55    56    61    56
 2003    45    49    37    44    46    43    52    39    51    42    44    45    35    53    47    40    43    47    64    44    33    35    48    40    37    40    41    56    45    45    45
 2004    37    32    24    46    29    59    51    46    55    57    47    65    46    41    31    43    60    48    44    66    54    59    59    46    53    50    41    45    50    61    55
 2005    34    30    20    24    36    49    49    60    61    58    54    38    42    40    39    32    50    54    51    53    45    49    50    45    49    44    43    43    46    43    43
 2006    51    43    54    37    45    28    35    46    58    42    42    38    37    39    50    44    43    42    43    39    43    31    39    60    62    60    57    70    72    65    54
 2007    51    45    46    53    55    54    51    54    48    47    54    44    48    48    56    39    36    36    53    58    52    54    67    53    39    49    42    45    63    61    60          
 2008    45    51    37    30    38    42    52    36    49    38    42    32    49    45    34    43    45    42    38    41    34    36    49    41    57    52    45    38    43    50    53
 2009    44    34    33    36    51    51    46    44    45    42    34    41    53    44    47    39    29    47    56    61    62    55    53    45    47    52    52    50    48    54    39
 2010    51    46    41    42    45    37    42    36    28    37    41    43    42    41    38    42    44    43    39    42    56    51    68    73    62    62    49    46    48    57    58
 2011    36    27    35    26    47    33    50    39    57    59    61    60    52    43    44    36    33    35    52    50    60    56    56    49    49    44    38    51    51    60    68
 2012    41    58    62    58    54    56    56    42    46    37    54    49    37    39    55    45    43    57    61    62    39    42    54    68    49    58    61    65    50    46    47