 1893     4    12    12    36    23    16    29    33    36    14    20    -4    23    33    33    17    27    35    14    30    41    44    50    53    33    28    37    36    18    27    36
 1894    37    22    36    46    45    47    52    56    36    38    36    37    37    48    45    40    34    46    48    50    50    30    32    34    24    20     1    12    19    18    22
 1895    33    16    15    18    21    28    31    24    24    35    37    33    35    38    40    37    51    49    36    34    36    34    41    34    33    24    22    37    34    18    11
 1896    12    22    31    30    41    26    31    36    42    46    48    42    40    37    34    47    43    32    27    24    23    27    28    22    31    32    31    47    43    42    47
 1897    22     8    18    25    27    47    28    40    44    36    31    26    33    32    33     0     8     6    13    22    12     3     5    20    28    27    22    27    40    27    19
 1898    28    25    28    16    24    22    12     5    10    24    28     7    19    25    22    34    36    36    34    36    36    30    28    21    24    34    29    34    37    15    -4
 1899    40    38    30    20    32    32    43    45    45    42    40    32    15    18    20    26    32    30    25    34    35    37    40    35    12    12    17     5     4     3   -99
 1900    33    37    34    35    32    37    31    40    15    21    20    38    21    20    28    33    35    42    38    39    44    47    27    17    12    27    32    19    32    22    12
 1901    43    35    27    28    28    34    35    33    32    30    28    27    27   -12     0    11     3     1    -3     7    22    38    35    33    34    32    36    33    33    40    33
 1902    43    36    34    21    30    22     4     4    25    32    26    24    28    25    30    28    29    35    37    37    36    35    32    29     3     7    17    24    27    22    39
 1903    22    23    32    23    17    38    28    20    23    15    20    18     0     5    18    18    22    32    38    33    32    25    40    32    17    17    33    18    24    22    31
 1904    27    33    28    23    27    38    39    42    27    33    34    30    20    19    18    25    27    34    24    27    27    45    44    28    32    30    18    18    23    38    43
 1905    22    32    32    30    33    27    25    12    24    32    33    32    32    33    34    23    32    32    31    42    32     8    23    22    36    40    41    43    42    37    31
 1906    29    44    39    37    35    33    14    30    28    29    32    37    37    36    22    32    19    25    33    33    28    26    23    25    27    38    37    38    36    33    34
 1907    32    25    29    30    39    40    43    42    46    44    32    33    40    35    34    35    33    28    23    35    33    27    36    40    36    35    44    34    33    20    38
 1908    22    25    35    32    27    24    16    28    25    32    30    40    40    45    41    37    35    32    27    34    30    36    38    35    37    38    37    38    43    32    11
 1909    47    50    49    42    45    28    15     8    10    20    28    32    38    27    23    23    14     4     6    12    17    22    21    17    22    15    17    16     0    17    31
 1910    23    26    33    28    34    37    35    23    28    32    23    18    23    44    39    39    43    37    32    18    29    32    27    10    29    32    35    32    31    19    37
 1911    40    34    32    39    48    48    41    45    43    51    39    38    36    39    33    28    28    28    35    34    37    37    32    37    28    23    10    12    30    31    15
 1912    48    47    41    40    47    36    41    30    36    34    25    20    40    44    39    37    40    37    33    30    32    29    34    37    43    35    27    48    41    40    42
 1913    52    51    51    48    46    41    40    34    49    47    49    50    49    43    42    46    43    33    41    39    30    37    37    33    33    29    32    31    36    32    28
 1914    49    37    32    38    40    38    35    35    34    21    24    21    12     0    15    12    11    31    21    17    11    11    11     6     2     4    14    28    31     4    20
 1915    35    31    37    38    37    35    47    36    33    32    32    31    29    14    24    30    30    12    13    19    24    32    39    23    26    33    19    20    26    31    34
 1916    44    46    44    49    49    45    51    55    32    28    30    29    19    12    17    14    27    14    13     1     4    -2    13    20    20    32    35    15     6     6    12
 1917    37    34    37    33    33    16    12    17    -1    -1     4    13    15     2     3    10    23    35    37    37    39    32    36    39    24    14    29    34    -4     4    10
 1918    34    30    39    35    42    33    39    43    39    38    37    41    40    40    42    40    45    42    47    46    51    46    31    28    26    24    25    24    24    29    30
 1919     9     9     9    25    22    26    24    15     2     0    21    18     6    13     7    12     9    14    21    27    31    32    32    32    31    37    32    25    40    33    24
 1920    44    43    43    41    39    39    36    38    34    35    44    48    48    35    31    32    29    20    15    24    29    29    23     7    14    25    14    13    30    35    39
 1921    52    24   -99    42    43    37    38    38    46    46    41    54    32    49    39    38    34    24    29    29     7    18    10    15    16    26    19    32    -2    39    42
 1922    41    43    43    52    40    40    39    39    36    35    30    20    29    15    14    19    14     8    25    29    34    39    37    34    40    37    31    29    36    43    40
 1923   -99   -99   -99   -99   -99   -99   -99   -99   -99   -99   -99   -99   -99   -99   -99   -99   -99   -99   -99   -99   -99   -99   -99   -99   -99   -99   -99   -99   -99   -99   -99
 1924    28    41    34    33    34    34    33    33    24    23    23    36    36    27    30    22     6     6     0    -2     2     0    15     7     3    25    25    -2    13    19    12
 1925    31    38    36    34    36    20    33    39    30    28    34    33    23    24    23    23    17    17    35    28    23    17    32    20    17     6     1     4    10    18    24
 1926    33    34    35    32    18    22    32    26    23    35    37    38    35    -8     1    10    15    16    36    37    32    33    33    32    16    24    31    30    13    37    29
 1927    36    30    25    27    36    34    29    -4    17     9    15    37    38    32    34     4     5     9    15    25    30    24    24    28    28    39    37    41    34    18     0
 1928    29    35    36    21    26    29    29    25    36    41    44    44    42    42    40    43    35    38    27    24    11    28    35    34    42    40    39    41    35    32    30
 1929    35    12    21    36    36    39    32    28    26    34    31    35    35    35    32    31    29     8     9    14    16    15    23    35    27    40    41    33    41    48    41
 1930    30    26    40    32    34    34    33    38    40    45    36    34    30    31    29    23    27    32    28    21    22    22    34    34    28    26    26    30    27    30    30
 1931    36    43    43    36    32    35    27    37    36    37    37    34    28    29    35    34    39    46    47    37    43    47    48    42    36    40    40    35    38    38    35
 1932    51    54    40    39    41    35    35     6     4    13    21    16    18    19    -2     3    16    21    29    37    36    41    38    34    36    39    37    33    30    30    23
 1933    45    46    44    53    45    33    37    34    30    34    21    16    23    25    38    35    35    43    36    43    36    37    32    32     6    -4     8    -1    22    39    44
 1934    45    46    44    53    45    33    37    34    30    34    21    16    23    25    38    35    35    43    36    43    36    37    32    32     6    -4     8    -1    22    39    44
 1935    33    31    32    31    30    38    41    38    34    29    27    32    39    36    35    35    35    27    28    10    16    21    22    13    14     6    12    20    15    24    36
 1936    30    39    40    19    28    28     8    26    35    31    20    37    41    45    50    43    32    33    37    35    32    37    51    41    55    54    54    32    40    51    30
 1937    35    36    40    36    17    22    25    20    15    20    18    21    29    24    30    33    36    30    31    26    37    36    17    24    25    30    37    37    32    32    40
 1938    36    37    37    44    36    36    34    35    32    40    37    26    39    31    35    37    26    30    32    35    32    32    36    25    26    35    15    20    20     9    25
 1939    44    43    27    50    51    58    50    50    57    48    44    53    35    37    52    56    53    48    42    32    26    34    37    38    38    26    29    29    26    21    13
 1940    19    15    12    33    25    44    39    35    45    36    25    26    15    17    33    35    23    33    36    37    42    43    36    46    46    37    35    34    36    35    35
 1941    49    52    50    56    51    37    44    35    40    33    22    28    27    23    34    45    48    49    44    38    54    56    37    37    33    31    27    19    20    28    27
 1942    22    12    15    20    24    22    25    24    29    31    19    11    15    28    28    21    36    25     7    15    27    35    37    28    34    35    33    27    28    26    30
 1943    52    37    41    53    51    42    43    44    37    34    42    38    13    12    17    24    37    44    39    43    33    14    16    30    42    44    38    30    40    33    40
 1944    25    33    33    33    36    32    40    29    29    29    28    30    25    31    36    26    29    16    32    31    23    21    21    22    22    13    21    18    27    38    35
 1945    34    35    34    25    42    43    49    50    33    15    20    26    25    21    15    10     3     7    14    14     9     8    23    26    28    28    26    24    27    30    28
 1946    33    29    47    59    51    46    47    60    59    38    55    45    25    25    23    35    17    22    37    34    33    34    34    29    47    35    34    34    26    14     3
 1947    47    41    37    30    33    31    33    29    19    28    23    29    32    38    33    19    34    30    26    37    34    31    27    30    36    27    36    25    33    30    27
 1948    42    48    57    55    50    31    28    26    22    18    38    36    38    33    36    35    28    28    26    28    28    23    21    20    17    18    34    33    32    27    25
 1949    38    35    45    40    38    32    29    23    20    34    56    53    19    15    34    39    43    40    39    40    29    26    11    12    21    40    33    44    38    43    44
 1950    28    31    28    21    27    32    35    33    25    24    24    27    23    22    25    11     7    12    17    22    30    31    40    39     8     9     9    27    27    27    36
 1951    51    51    60    45    45    53    53    36    32    34    33    22    17    13     8     8    11    12    20    24    22     9     8     9    23    16    13    30    38    36    36
 1952    30    31    32    34    34    31    45    46    41    36    32    31    22    26    36    42    36    28    25    32    34    34    36    34    23    24    23    25    29    30    33
 1953    34    44    49    51    39    39    42    36    32    30    36    37    36    31    18    12    12    29    40    40    37    28    23    43    41    38    40    34    35    23    39
 1954    31    30    31    38    31    28    32    34    30    34    37    35    29    32    35    32    32    30    23    31    30    31    41    38    41    38    33    27    25    32    30
 1955    29    35    34    37    13    35    33    29    23    22    24    28    32    22    14    24    20    11     3    10    19    30    41    45    33    35    35    34    31    23    33
 1956    37    43    48    45    43    31    21    19    38    42    41    20    18    25    29    34    34    25    38    37    31    37    35    28    29    40    42    35    30    42    40
 1957    42    37    27    35    43    47    28    28    40    36    10    22    43    40    46    39    40    38    35    38    44    49    47    42    36    33    41    38    24    23    20
 1958    32    40    39    39    23    12    12     8     8    14    14     7     9     6    18    37    39    33    38    18    17    36    34    37    37    40    47    47    39    29    25
 1959    38    39    49    40    38    29    38    40    44    46    41    38    35    37    44    55    47    38    36    32    31    28    31    31    34    47    50    46    34    28    34
 1960    33    49    48    57    56    34    31    26    32    34    31    24    33    43    35    30    28    28    22    16     6     3     5    18    38    32    23    27    29    40    35
 1961    43    43    56    60    41    38    32    32    29    27     4    13    12    15    18    25    29    29    31    27    27    34    33    27    21    23    14    11    12    18    22
 1962    63    59    63    53    41    28    33    27    18    12     7     9    25    29    31    35    55    53    37    34    28    36    20    17    19     8    22    35    32    14    20
 1963    30    28    28    31    34    35    45    40    31    24    22    21     9     9     9    13    10     9     0    -3     3    10    13    42    42    37    29    20    20    15    20
 1964    21    22    23    23    21    23    29    31    29    36    37    38    34    32    22    29     5    16    20    23    34    34    38    36    14    13    18    30    36    35    34
 1965    48    44    40    39    43    35    45    37    44    37    52    50    39    29    28    28    31    33    30    32    40    44    48    40    31    31    26    28    42    50    56
 1966    16    16    22    28    33    48    36    36    35    28    28    34    30    42    42    47    43    39    41    38    33    26    23    27    23    21    22    25    23    23    34
 1967    35    36    41    42    50    42    40    38    35    32    32    37    31    25    28    41    42    42    44    50    55    13    26    30    30    21    18    20    26    27    13
 1968    36    37    36    41    38    27    23    26    30    40    48    59    54    12    21    31    30    30    33    29    23    31    30    11     5    23    30    27    24    17     3
 1969    46    44    37    33    34    34    32    31    30    30    24    26    42    37    24    22    29    34    34    22    26    18    25    20    24    21    27    27    25    29    29
 1970    58    46    55    39    34    21    39    47    44    23    30    31    28    21    30    37    32    34    33    13    20    30    28    15    16    33    24    15    20    27    29
 1971    27    29    27    30    34    36    35    35    32    35    36    34    23    31    34    34    19    25    28    28    29    36    39    38    34    33    16    20    30    28    26
 1972    26    33    21    12    15    10     4    13     4     2    13    19    16    13    11    16    20    33    35    31    29    25    29    31    32    26    40    33    38    45    29
 1973    40    57    47    33    28    20    22    32    32    15    22    30    26    17    20    15    17    21    19    11    15    22    28    33    35    33    30    32    25    11    -5
 1974    29    33    25    25    35    35    33    31    24    40    40    40    33    31    34    32    21    23    24    21    18    35    33    20    17    32    32    34    33    31    33
 1975    22    28    28    45    58    41    34    29    31    38    33    31    42    55    26    17     6    12    36    33    29    26    25    25    25    23    20    27    31    30    28
 1976    22    17    15    18    26    16     5     9    28    26    34    25    13    38    39    33    35    45    42    25    10    24    21    34    29    25    37    33    -3    -7     1
 1977    34    24    19    20    21    13     9    15    10     4    12    37    38    35    34    37    43    35    33    29    22    33    32    23    10     4     9    23    29    26    22
 1978    21    16    22    25    31    23     8    14     8    11    33    37    34    37    38    34    36    40    32    31    25    29    33    29    17    16    17    25    31    14     6
 1979    23    26    41    45    45    42    31    25    47    55    50    23    29    38    47    32    19    37    47    41    45    36    37    35    34    30    29    35    42    41    34
 1980    39    21    22    32    38    38    36    32    29    26    16    45    39    28    29    31    42    37    11    10    19    28    32    21    13    22    25    36    38    35    34
 1981    32    31    26    31    23    41    43    33    27    26    33    31    34    31    12     8     8     8    11    27    34    33    28    30    28    32    28    21    18    27    32
 1982    52    63    52    38    39    36    27    20    17    31    17    15    34    35    32    31    32    42    30    30    35    41    40    42    48    34    33    33    18    29    33
 1983    19    26    28    35    30    24    25    19    24    26    33    30    30    33    28    13    -2    -7    -8     5    19     2   -16   -11    -3    12    18    13     2    17    28
 1984    33    26    18    17    27     8    36    45    42    36    46    44    26    32    41    52    28    23    28    32    33    29    18    13    20    29    42    57    52    26    19
 1985    28    20    10    27    21    20    30    30    30    26    19     9    -2     8    27     9     1     2     7    12     6    37    35    26     4    35    15    16    16    30    18
 1986    35    35    33    33    32    34    37    30    30    13    29    17    16    34    31    34    36    32    36    34    35    35    29    30    29    34    32    31    33    35    35
 1987    29    29    33    30    35    35    34    42    48    45    48    43    30    28    28    25    25    32    34    33    37    36    35    36    33    26    32    31    27    34    36
 1988    21    43    40    34    41    43    36    26    19    16    14    26    36    40    31    26    25    37    49    46    34    36    37    34    23    30    34    13    19    33    31
 1989    43    38    22    47    52    44    18    28    39    37    21    13    14     9     7    13    15    12     3     0    -6    -3     3    15    39    34    37    41    38    25    30
 1990    47    33    31    25    35    33    39    43    44    44    47    38    36    31    32    32    34    32    31    36    10     3    -5    10    18     1    17    29    32     2    15
 1991    26    17    19     3    20    32    45    40    41    44    46    39    39    35    17    37    31    22    27    33    38    32    35    38    38    40    32    32    34    31    33
 1992    28    35    28    25    16    25    26    29    31    35    33    34    32    33    37    35    29    27    31    24    33    37    35    17    27    15    36    30    35    33    27
 1993    38    39    40    38    36    31    37    36    43    40    32    47    41    40    45    40    38    37    39    34    25    24    18    13     6     4     6     9    21    23    34
 1994    53    52    45    46    46    25    29    29    28    22    18    26    20    23    33    35    34    32    35    43    45    35    44    38    41    42    43    37    31    32    31
 1995    42    46    46    42    34    30    30    25     4    12     4     7    26    38    29    28    31    34    31    28    23    22    24    26    25    28    28    25    31    33    32
 1996    28    22    21    25    31    33    30    27    29    35    37    36    38    35    38    32    30    13     6    10    35    31    30     5    -3     5    23    32    25    20    25
 1997    36    37    36    32    28    29    27    29    32    35    35    28    36    35    46    44    41    39    39    35    30    33    31    29    28    38    35    33    32    28    27
 1998    62    63    59    57    63    62    41    48    47    44    51    51    48    55    52    45    34    46    36    25    24    10    18    21    31    28    33    32    36     6    12
 1999    46    48    53    44    33    38    44    49    42    35    38    46    45    37    34    21    23    27    29     5     8    10    12    15    28    39    23    39    47    44    41
 2000    34    30    31    35    25    21    31    30    26    25     3     2     8    16    19    20     9     7    11    10    12    -3    12     9     4    16    14    12    17    19    22
 2001    40    48    51    61    64    51    46    37    44    46    50    44    40    33    44    44    43    49    38    40    38    43    32    18    21    17    24    19    12    19    17
 2002    44    44    24    26    24    38    37    37    37    48    44    42    44    50    46    41    34    53    48    34    29    28    30    29    24    38    38    42    44    46    38
 2003    39    33    38    37    39    35    39    45    42    34    20    19    25    27    33    33    24    28    27    32    42    38    33    33    41    43    46    45    42    38    37
 2004    40    44    43    49    42    40    39    42    41    39    37    39    33    29    41    39    32    37    28    26    26     9     6    12    25    22    28    37    35    53    52
 2005    23    19    20    17     8     5    16    17    16    34    25    29    32    33    33    21    15     8     8    20    16    39    45    36    36    34    33    32    33    33    33
 2006    29    27    18    28    31    38    26    34    48    50    48    43    37    51    49    44    42    34    42    41    38    37    35    42    42    38    40    44    42    47    46
 2007    24    35    24    25    21    24    25    13    14    24    27    27    31    31    22    21    25    33    23    32    35    35    25    20    38    35    29    27    25    25    24
 2008    30    36    35    20    20    31    16    26    26    23    23    18    42    45    16    05    09    21    25    24    23    00    26    27    15    39    46    28    36    28    20
 2009    51    47    32    27    35    31    27    25    25    10    15    30    30    29    15    13    24    28    28    29    24    27    30    34    37    31    25    24    20    28    28
 2010    22    29    29    24    24    19    17    21    28    31    34    28    06    12    17    19    17    14    16    23    32    31    30    28    25    24    18    24    33    40    46
 2011    42    37    38    36    27    24    25    29    23    29    36    40    41    43    42    32    34    48    48    34    43    41    30    42    43    44    41    37    44    35    39
 2012    46    51    65    61    43    46    45    39    39    32    27    45    44    46    44    42    30    31    34    33    26    32    30    23    20    22    24    26    24    25    22