 1893   -99   -99   -99   -99   -99   -99   -99   -99   -99   -99   -99   -99   -99   -99   -99   -99   -99   -99   -99   -99   -99   -99   -99   -99   -99   -99   -99   -99   -99   -99
 1894    95    92    85    88    92    77    83    77    67    64    69    72    68    84    74    77    80    73    80    68    66    71    58    55    68    76    80    85    84    55
 1895    76    82    94    89    92    90    75    77    80    96    97    82    72    70    75    70    90    89    93    92    88    85    61    70    76    56    62    58    51    55
 1896    78    75    69    62    59    58    75    78    83    62    66    68    72    71    66    65    68    58    54    61    64    56    66    70    63    50    57    62    52    73
 1897    82    78    86    88    88    89    92    94    92    88    78    90    91    90    79    72    64    76    59    58    74    75    77    78    79    82    76    72    78    85
 1898    92    95    90    88    80    68    67    60    64    65    65    73    68    66    68    75    82    87    75    80    87    72    74    68    80    78    78    88    84    68
 1899    88    90    78    88    87    88    83    73    80    73    83    75    61    69    76    84    63    67    65    66    77    67    72    62    57    58    70    65    44    43
 1900    90    86    78    83    95    83    79    78    88    91    80    72    80    79    72    53    62    51    58    57    58    68    72    73    82    62    58    53    67    74
 1901    80    85    87    89    91    92    74    72    58    59    65    75    72    68    66    62    50    53    47    60    68    72    78    68    72    77    80    68    66    70
 1902    75    72    69    67    65    67    79    72    63    71    75    52    62    70    73    77    70    63    62    64    67    70    64    64    67    66    75    74    66    62
 1903    77    79    78    67    66    62    78    77    71    73    69    78    64    67    62    50    51    62    74    75    78    81    74    60    77    77    57    53    71    63
 1904    80    72    73    77    78    74    68    74    80    83    66    62    56    59    56    68    83    76    72    68    59    64    73    77    69    72    73    83    81    69
 1905    80    68    58    67    72    69    67    76    78    79    82    75    68    67    79    76    78    76    72    77    77    75    72    76    68    73    83    82    83    82
 1906    72    78    75    79    78    83    86    88    90    91    90    78    67    71    77    87    80    79    82    75    73    62    71    73    78    72    68    66    66    63
 1907    86    75    67    69    71    68    71    64    70    68    72    77    80    82    84    83    80    83    85    64    64    71    58    56    52    63    58    59    60    58
 1908   -99   -99    77    83    88    78    80    85    89    89    89    91    83    78    81    80    88    88    89    90    88    87    82    84    85    82    57    52    53    50
 1909    71    63    62    70    71    75    77    65    78    74    73    81    80    70    67    75    76    71    77    84    77    65    67    65    65    63    63    74    50    63
 1910    78    77    75    73    82    81    86    83    63    72    83    68    63    72    73    73    86    77    72    78    78    76    63    55    69    69    63    72    73    81
 1911    92    88    85    86    73    68    61    73    76    84    88    74    77    90    81    87    82    74    68    66    72    77    82    65    57    67    74    61    59    55
 1912    91    84    85    92    93    82    90    93    94    82    75    80    68    73    77    66    62    50    72    62    64    65    74    70    57    52    52    54    58    60
 1913   100    99    92    95    97    97    95    81    79    85    75    72    78    78    72    70    69    70    77    60    52    53    66    71    62    62    72    72    72    66
 1914    83    72    68    79    86    79    61    68    65    69    73    72    62    71    82    80    80    82    86    85    84    68    69    68    67    72    78    79    80    78
 1915    77    80    80    82    82    80    74    76    70    71    66    71    83    84    66    70    76    77    70    67    62    66    71    68    72    67    53    56    54    62
 1916    74    81    82    88    90    87    93    69    77    78    73    72    65    71    58    49    62    58    65    74    81    63    60    62    74    81    74    63    49    65
 1917    80    75    75    72    77    78    69    58    61    59    58    65    65    74    77    82    82    79    77    68    61    70    72    74    75    78    58    64    67    63
 1918    81    75    70    67    67    75    77    79    68    55    63    63    72    63    63    63    65    55    55    51    60    69    75    72    71    63    74    70    61    60
 1919    80    75    72    78    87    89    91    89    83    79    78    74    74    71    74    78    68    69    81    86    78    66    73    74    75    70    70    72    68    60
 1920    74    68    72    66    67    72    76    76    70    74    84    77    81    86    80    76    82    86    74    77    85    83    75    80    85    80    73    63    55    53
 1921    84    82    83    79    74    79    78    82    82    76    72    73    78    73    69    72    73    69    66    80    73    77    76    73    67    68    68    74    74    63
 1922    95    85    86    91    94    99    98    92    76    67    70    72    68    68    79    64    65    60    56    62    72    77    80    69    68    68    71    70    85    72
 1923    68    83    85    84    85    79    70    72    72    75    65    64    54    58    69    69    76    67    66    60    69    71    71    76    78    80    79    74    70    63
 1924    65    68    72    72    65    63    65    63    59    53    51    65    63    66    65    66    70    67    69    75    81    67    69    69    71    74    69    58    52    54
 1925    83    97    97    94    89    83    83    73    77    79    71    69    78    72    72    78    91    81    90    84    58    61    68    72    65    60    64    73    83    67
 1926    87    90    81    73    73    76    82    79    65    73    70    65    66    67    69    70    87    82    70    70    85    67    75    70    60    62    57    57    58    58
 1927    90    89    83    84    90    91    86    93    90    85    93    93    96    96    94    88    92    73    68    55    58    67    66    73    73    46    48    52    59    59
 1928    79    72    68    74    76    77    76    83    79    76    74    75    76    75    80    72    73    76    68    67    66    67    60    61    53    64    62    56    56    71
 1929    91    98    97    85    71    76    69    75    75    75    78    69    56    70    77    70    70    58    55    64    69    81    83    86    86    75    86    75    62    64
 1930    90    75    77    85    83    78    68    76    78    82    73    90    85    84    77    73    73    89    79    67    76    83    88    85    81    68    55    57    61    63
 1931    79    77    85    80    89    88    96    95    94    96    94    96    88    85    72    98    81    65    68    93    80    81    80    60    59    62    70    70    74    63
 1932    80    81    84    75    72    70    76    88    80    82    82    68    72    76    70    67    70    74    82    65    73    66    67    65    65    69    69    64    64    78
 1933    88    88    85    92    90    89    94    98    89    78    65    71    64    66    60    77    77    84    76    69    76    81    84    76    85    80    76    68    81    72
 1934    88    88    85    92    90    89    94    98    89    78    65    71    64    66    60    77    77    85    76    69    76    81    84    76    85    80    76    68    81    72
 1935    66    66    75    65    72    75    66    75    70    79    83    81    76    88    90    85    89    90    85    81    83    86    83    91    80    68    63    72    59    65
 1936    75    80    82    82    73    94    86    89    85    84    78    76    76    91    82    65    72    72    74    79    83    90    79    67    77    66    59    71    66    70
 1937    96    98    90    79    78    87    88    89    94    77    82    71    74    80    67    68    72    75    70    75    96    96    90    78    62    64    63    56    69    84
 1938    79    77    90    92    78    84    77    72    83    91    84    81    70    74    67    68    59    52    55    67    72    83    89    71    79    81    74    80    72    74
 1939    84    85    98    81    80    98   100    85    72    74    65    93    95    97    96    87    82    80    85    76    80    86    76    70    57    59    72    89    63    55
 1940    76    79    83    84    85    79    89    80    71    60    63    71    75    68    72    75    82    86    88    88    89    80    72    67    58    64    69    74    76    74
 1941    83    71    81    90    83    81    72    76    69    68    73    78    78    85    80    76    76    79    82    87    88    74    80    79    66    65    78    69    56    57
 1942    88    78    67    73    80    77    66    70    72    79    87    85    73    79    77    85    83    76    59    66    71    58    53    47    49    40    46    52    65    75
 1943    81    81    86    74    82    74    66    57    65    61    65    56    58    75    67    59    58    69    60    63    69    66    63    66    63    69    82    76    78    75
 1944    80    84    87    81    77    68    75    79    79    75    66    63    64    62    74    78    86    85    74    81    74    64    64    65    74    78    75    65    62    72
 1945    84    75    73    88    92    89    90    79    79    68    61    69    65    65    69    67    70    78    70    67    69    66    82    73    75    60    61    54    50    47
 1946    70    63    76    83    81    83    69    71    84    71    70    67    67    71    80    81    79    80    76    72    76    73    57    56    70    74    77    66    62    60
 1947    83    89    90    82    95    89    84    87    91    87    79    69    75    69    65    65    79    88    88    85    72    57    73    55    55    59    52    75    58    47
 1948    86    85    88    83    83    84    83    76    75    73    92    90    82    83    93    92    90    93    96    90    71    71    70    72    67    70    76    75    76    78
 1949    72    83    74    78    71    61    65    73    79    72    64    74    62    62    70    67    76    80    67    72    68    74    62    71    74    80    64    57    62    72
 1950    82    75    74    74    74    76    78    75    78    78    74    63    64    70    77    75    77    86    85    73    65    76    61    58    72    71    71    69    68    78
 1951    64    64    69    76    69    72    70    73    68    74    84    79    73    70    63    69    73    77    79    76    73    59    66    58    58    76    64    65    53    77
 1952    76    58    71    78    87    77    69    85    87    88    88    90    88    79    72    80    78    69    59    63    65    62    65    74    82    72    80    86    78    87
 1953    95    93    86    71    75    72    74    78    73    79    86    73    65    71    76    79    80    79    78    70    59    66    73    82    68    78    72    78    88    78
 1954    86    83    74    88    85    93    88    70    65    68    74    73    67    60    61    61    73    87    81    80    74    63    71    75    81    79    82    70    79    69
 1955    81    82    84    93    81    81    76    75   100    91    69    72    74    86    91    93    94    94    87    77    77    80    70    63    61    59    73    74    77    62
 1956    72    81    79    73    65    62    70    74    66    78    80    81    84    75    73    75    67    66    62    61    74    69    71    80    85    78    80    83    76    62
 1957    88    82    73    69    71    72    74    76    76    72    65    76    71    63    70    67    75    78    72    55    65    66    60    75    73    65    60    65    71    81
 1958    67    84    89    83    73    72    73    76    83    74    70    77    79    75    80    72    63    70    74    75    75    77    77    83    80    73    63    70    74    68
 1959    74    74    76    85    85    90    92    91    84    66    72    78    80    80    71    55    62    63    71    84    82    79    75    72    68    68    64    68    59    53
 1960    92    93    92    92    91    92    93    85    71    73    74    63    70    68    77    69    75    64    59    74    70    66    62    65    73    79    81    68    60    58
 1961    84    89    85    70    75    83    86    83    88    87    81    62    60    57    70    74    73    76    75    73    75    71    54    57    64    68    62    57    55    59
 1962    79    80    81    78    67    67    73    70    66    62    78    87    82    80    77    76    69    74    65    62    58    58    69    66    64    70    62    65    68    61
 1963    78    80    75    71    70    75    81    83    81    78    78    74    62    70    76    79    82    85    80    67    70    63    63    75    77    78    84    74    65    76
 1964    78    89    88    74    78    75    88    82    87    82    66    63    69    67    62    72    75    69    72    76    68    70    66    78    72    69    58    62    71    66
 1965    71    80    79    75    66    63    65    62    84    69    68    68    73    67    64    55    72    72    71    63    71    66    58    50    72    65    47    70    75    69
 1966    87    85    80    76    71    73    76    79    79    83    83    81    82    78    69    71    73    75    76    74    80    77    72    67    62    59    66    73    68    55
 1967    74    74    77    79    80    82    82    82    80    70    74    76    77    76    75    77    77    77    74    76    73    70    70    69    78    75    52    54    62    80
 1968    72    75    86    82    68    62    77    75    71    69    76    77    80    81    79    75    70    69    63    69    82    81    77    71    66    70    68    64    70    81
 1969    74    78    80    76    83    83    80    75    67    69    76    82    82    77    80    75    72    67    69    72    75    75    72    58    70    72    67    66    73    72
 1970    70    80    83    84    85    83    86    82    83    68    73    72    55    52    60    60    61    70    82    86    85    75    65    61    69    65    61    64    82    80
 1971    81    90    88    84    83    80    90    83    75    77    77    81    81    75    68    65    67    57    52    67    68    67    63    67    62    63    80    84    72    85
 1972    75    69    68    68    78    74    71    68    72    65    72    70    73    70    76    85    83    77    80    76    65    62    67    71    68    67    62    66    53    59
 1973    85    87    80    80    73    71    76    65    67    74    69    71    67    69    62    58    53    63    69    63    61    72    69    74    74    77    68    61    60    60
 1974    61    61    62    66    66    67    75    82    78    74    77    66    55    71    68    72    77    74    70    66    58    53    57    67    70    82    73    62    65    62
 1975    82    75    77    71    68    70    72    64    61    82    76    57    66    72    68    64    69    71    63    53    50    62    57    62    61    67    70    61    61    58
 1976    76    74    84    76    77    86    88    82    74    75    83    84    78    72    68    68    69    77    72    63    58    72    67    64    66    69    62    61    67    77
 1977    83    74    74    79    79    80    74    82    71    72    75    66    69    76    68    68    76    74    66    61    67    69    65    67    72    72    64    70    65    68
 1978    80    86    85    87    83    88    98    96    95    91    90    77    65    73    75    69    68    74    84    76    62    71    70    77    71    77    71    67    67    64
 1979    82    81    79    84    86    74    59    67    78    82    84    74    62    60    71    76    78    71    70    75    65    67    61    75    79    81    80    82    74    76
 1980    75    78    85    74    82    78    87    91    88    73    70    80    72    67    66    65    62    63    76    75    77    72    60    64    52    56    72    66    72    66
 1981    80    73    75    73    74    77    72    73    79    86    86    82    82    79    69    64    59    68    76    75    70    62    64    72    63    73    64    66    61    81
 1982    75    71    73    78    74    65    66    70    81    81    83    80    78    64    59    59    63    64    66    55    61    69    73    69    59    52    66    74    75    78
 1983    83    88    89    87    80    73    79    89    90    84    74    65    68    69    59    61    68    70    64    61    47    49    61    69    78    75    82    82    79    80
 1984    92    78    71    74    71    67    88    82    73    66    75    90    82    67    62    68    71    83    90    82    84    75    72    87    74    54    59    52    59    63
 1985    77    80    84    82    78    91    92    86    78    67    66    66    65    68    71    75    78    86    87    86    57    62    59    50    50    58    66    64    46    46
 1986    83    83    79    76    72    68    67    70    70    75    75    71    71    64    59    64    63    71    71    71    70    76    71    69    85    88    86    81    77    71
 1987    80    80    74    83    88    83    80    79    75    74    72    68    70    70    72    77    75    69    68    64    66    66    76    76    73    83    83    81    69    69
 1988    82    88    85    71    69    74    77    77    83    85    87    86    75    81    78    78    93    92    83    58    62    78    69    72    81    81    79    71    74    77
 1989    77    77    75    77    80    83    81    79    73    68    67    62    64    68    70    73    79    80    79    80    78    77    58    62    70    69    67    78    76    76
 1990    85    84    80    90    92    91    89    80    82    82    83    86    85    83    79    78    64    63    70    69    69    67    58    74    82    82    80    70    68    65
 1991    78    85    82    78    76    86    88    86    85    81    68    74    81    81    83    80    72    61    50    60    67    65    57    53    64    59    58    64    68    66
 1992    73    69    73    78    79    76    75    74    72    61    69    73    78    79    82    80    73    77    64    63    67    68    66    67    70    66    70    55    63    63
 1993    73    77    75    76    72    70    70    71    71    68    70    84    83    71    55    63    66    65    65    64    61    67    62    66    54    57    56    56    54    64
 1994    67    63    72    69    78    76    79    82    85    85    84    85    90    88    90    75    76    81    83    83    83    76    62    69    69    65    62    66    74    72
 1995    79    79    83    85    85    82    78    66    69    71    74    75    85    84    78    82    80    67    63    54    50    50    57    56    67    77    79    80    79    76
 1996    82    83    84    86    86    85    85    82    79    80    76    68    65    68    70    69    69    73    73    69    70    71    70    67    66    60    54    67    66    82
 1997    85    85    71    69    72    81    80    69    73    70    71    75    75    72    76    78    77    85    79    65    63    62    67    68    79    78    77    77    74    70
 1998    79    79    80    83    86    90    74    73    74    81    87    91    91    88    82    81    82    84    87    86    79    65    79    72    80    86    82    79    80    70
 1999    84    90    90    89    85    75    83    83    74    72    79    79    66    64    65    69    73    77    65    56    62    77    70    76    81    81    68    63    63    69
 2000    78    81    82    81    71    74    74    79    85    87    90    88    85    84    70    74    82    89    70    64    63    61    55    54    64    67    68    73    79    79
 2001    74    83    84    84    83    82    80    76    67    71    81    80    77    65    66    68    65    63    68    73    70    74    73    56    61    69    72    71    67    72
 2002    86    86    85    86    86    87    91    91    91    90    76    78    78    73    71    80    80    76    75    74    65    61    65    64    72    71    64    65    80    86
 2003    79    82    82    76    85    92    92    91    88    85    86    84    68    71    74    85    83    83    80    73    63    67    72    68    62    57    55    55    59    55
 2004    87    85    85    86    85    84    76    72    76    83    84    84    85    84    79    75    74    78    84    84    84    84    82    70    73    76    76    75    70    71
 2005    82    82    83    83    87    87    84    70    84    88    88    87    82    71    71    77    79    81    81    84    89    89    68    67    72    69    75    75    62    74
 2006    77    77    77    71    81    82    81    85    83    58    58    58    70    76    77    80    78    65    55    62    64    65    67    67    69    73    73    60    65    70
 2007    79    84    86    88    88    88    82    77    76    68    65    65    79    72    61    70    87    87    79    80    87    85    83    84    82    66    72    72    77    80
 2008    87    88    82    67    70    59    71    69    68    69    73    75    75    74    64    79    79    79    80    81    80    79    82    81    79    82    82    72    69    68
 2009    69    73    73    75    76    77    78    78    79    80    80    81    81    80    81    78    76    81    81    77    72    70    77    76    76    69    76    72    56    61
 2010    83    79    69    66    77    76    77    69    70    75    75    84    82    76    78    78    74    74    59    82    85    72    78    75    64    62    70    71    80    79
 2011    92    92    78    69    68    68    71    78    78    80    85    86    85    68    58    58    65    64    72    76    72    59    59    61    61    61    67    62    67    63
 2012    86    88    89    94    91    81    79    76    77    76    89    88    70    75    79    78    75    61    77    77    68    62    59    75    78    78    68    73    81    81
