 1893   -99   -99   -99   -99   -99   -99   -99   -99   -99   -99   -99   -99   -99   -99   -99   -99   -99   -99   -99   -99   -99   -99   -99   -99   -99   -99   -99   -99   -99   -99   -99
 1894    45    40    37    24    22     7    12    18    17    24    17    36    47    36    42    50    53    36    36    41    28     6    -2    27     6     8    12    23    23    24    18
 1895    20    28    21     5    31    29    11    20    31    33    22     8    15    18    22    22    23    29    31    37    10     1     7    14    12     0    10     8     6     3    13
 1896    29    21    -9    -1     6    25    21    35    36    38    42    17    12    22    30    29    31    27    33    30    35    30    31    33    30    21    26    34    42    43    40
 1897    57    52    42    21    12    22    24    34    33    26    27    21    24    35    41    33    30    17    26    21    20     7     5   -15   -12    -7    -3    10    12    18    31
 1898    11    22    30    38    41    32    41    36    38    37    38    33    30    33    28    23    32    34    35    37    34    19    22    28    30    25    24    33    22    23    18
 1899    13    29    39    34     8    14    12    12    22    31    27    35    38    35    40    33    24    25    33    34    36    34    33    36    27    31    14    15     7    -8     8
 1900    20    22    26    37    32    38    37    38    39    28    33    30    32    35    34    33    33    29    31    39    41    43    41    43     8    18    24    -1    23    -3    -4
 1901    18    12    31    29    29    35    27    33    21    33    33    27    30    40    45    22    14    25    26    44    36    38    42    14    22    40    29    24    22    12    17
 1902    34    33    14    24    40    39    40    47    44    43    27    13    32    33    37    28    47    29    35    34    32    28    26    20    20    12    -4     8    22    25    19
 1903    38    33    32    27    23    37    33    23    18    17    16    -2     3    22    28    37    38    32    18    28    30    22    25    22    31    30    38    36    37    15    41
 1904    20     2     6    13    23    31    38    32    33    27    22    28    15    24    32    16    20    27    36    26    27    25    -2   -18    -8    -4     3     3    10    22     8
 1905    34    22    18    28    27    22    18    11    -2     7    18    13     2     2    12    17    26    28    32    28    14    17    23    -8     8    18    17    14    12    10    12
 1906    22    32    32    30    33    27    25    12    24    24    33    32    32    33    34    23    32    32    31    42    32     8    23    22    36    40    41    43    42    37    31
 1907    25    37    36    33    41    27    33    32    13    28    23    22    26    22    10    29    31    32    39    12    17     4    15    25     8     8    14    12    13    12    28
 1908    24    27    42    39    31    39    39    25    28    36    32    33    28    33    31    21    37    38    44    43    47    37    22    32    40    32    20    15     5    23    22
 1909    19    32    38    41    15   -10     9    22    27    18     2    30    30    28    28    28    28    28    36    35    40    42    43    44    42    45    43    38    32    -5    17
 1910    35    17    12    10     0     0    14    12     8    28    30    32    32    27    23    32    37    32    40    41    25    25    28    21    38    35    32    29    28    23    25
 1911    31     9     0    12     5     6    33    36    29    42    17    27    23    10     9    14    18    18    30    35    13    20    33    38    40    41    35    35    36    23    42
 1912    -2    -3    -3    -8   -16   -14    -9    -2    -6   -10   -11   -11     9    13     1    13    24    18     3     9    21    28    33    14    21    23    13    15    22    22    29
 1913    45   -99    26    18    14     8    15    14    22    28    27     4    10    26    42    48    49    22    39    28    32    42    38    33    42    42    38    23    44    37    14
 1914    33    35    37    29    27    33    34    38    33    20    40    11    27    50    48    43    39    37    41    39    21    22    34    29    20    34    41    40    50    35    33
 1915    33    10    22    30    39    22    26    24    30    39    37    27    40    34    31    35    33    20    25    20    13    10     5    16     5     8     9    -8    12    15    31
 1916    37    25    25    40    36    15    23    33    38    37    16    20    -5     2    10     0    10     9    19    38    42    40    42    44    35    35    36    33    33    19    17
 1917    33    23    38    32    33    25    40    20    37    39    19     7    17     4    -1     5     9    24    16    32    28    28     0    22    10     7     8    28    41    31    22
 1918    15    30    23    18    29    27    23    17    19    19    12    -3     0    11    11    17    14     4     7    10    17    28     7    12    30    18    10    12    14     6     5
 1919    24     3    -3     0     8    22    23    35    32    34    33    39    39    36    32    41    40    42    40    35    42    40    37    47    43    47    47    39    46    46    36
 1920    10    -2     9     6    20    30    29    25    17    32    24    36    35    17    16    20    10    10    17    15    11    13    19    15    14    39    33    19    35    31    23
 1921    41    29    39    40    35    40    37    30    40    37    27    15    21    23    18    27    15    28    45    42    49    39    43    35    28    27    34    34    32    32    32
 1922    20    32    36    34    32     8    31    34    35    34    34    20    21    37    35    32    26    27    25    21    29    22    -2     4    16    28    28    31    34    35    34
 1923    26    26    25    29    22    21    27    35    35    27    31    24    35    35    32    28    38    40    38    30    28    30    35    28    27    27    28    30    39    35    38
 1924    -3    16    10    -1   -10    21    33    36    38    38    22    15    16    17    25    25     4    14     9    -2     2    34    27    30    23     3    19    35    35    30    40
 1925    24    27    26    24    23    33    30    26    25    20    27    23    12    12    17    16    23    25    31    32    36    30    25    36    32    26    15    24    25    30    37
 1926    31    32    34    39    35    28    23    27    23    32    32    15    19    35    35    37    32    35    35    30    14    15    31    24    17    26    18    14    38    39    39
 1927    32    36    37    36    42    29    31    30    33    15    22    32    26     8     6    28    28    11    12    11     9     6    21    29    24    14    22    37    40    40    29
 1928    -4     0    14    23    36    43    39    35    40    45    43    44    40    43    38    32    33    39    39    13    21    36    32    27    29    18    15    15    15    18    27
 1929    21    20    21    19    19     8     2    24    35    34    31    13     0     1     3    15    19    22    18    16    21    31     1    16    18    10    12    12    12    14    12
 1930    37    38    30    41    46    48    16    14    15    17    25    35    22    25    13     4    -6    -5    14     3    -1     3    11    22    19    15    22    14    14    20    26
 1931    29    39    35    35    32    30    30    33    38    38    34    34    18    14    32    42    33    30    27    17    15    31    36    43    40    41    38    45    38    45    38
 1932    38    32    25    25    30    30    22    19    25    24    35    40    40    28    27    32    34    24    40    36    34    28    29    30    38    35    34    35    35     0     3
 1933    37    41    43    36    42    48    42    39    39    47    36    25    23    28    48    50    32    36    39    34    47    44    45    45    41    36    34    23    30    36    37
 1934    37    41    43    36    42    48    42    39    39    47    36    25    23    28    48    50    32    36    39    34    47    44    45    45    41    36    34    23    30    36    37
 1935    22    35    30    22    39    39    39    37    35    33    25    29    32     7    12    33    32    20    35    14    -4    15     0     5    25    20    15    23    25    28    30
 1936    35    35    35    33    24    33    21    30    32    29    35    38    32    35    21    20    19    20    14     7    12     3    -8     3     5     0     7    15    11     3    10
 1937    26    34    19    40    13    33    33    22     6    18    30    32    35    35     4    24    30    10    14    35    18     2    21    28    21    15    36    30    21    30    12
 1938    25    19    32    33    30    23     8     8    22    22    33    31    27    31    35    40    33    29    34    35    39    44    46    40    22    13    10    27    29    23    10
 1939    38    38    32    42    43    41    42    49    55    44    31    30    37    33    22    25    28    24    23    35    44    21    24    26    26    30    33    42    32    32    35
 1940    14    15    20     8    14    25    23    30    21    29    32    28    23    25    19     6     6    -5    17    15    23    25    20    10    13    16    22    21    20    32    32
 1941    38    38    25     8    17    20    27    33    32    36    36    42    34    31    39    37    35    17    14    24    31    30    22    27    29    28    27    26    25    34    34
 1942    51    20     3    -8    -7     0   -10     6    12    12    24    36    38    37    42    40    40    39    37    43    40    43    47    43    43    32    37    37    38    37    32
 1943    34    30    25    19    16    19    19    19    36    34    25    18    12    38    15    21    15     2    -5     1    21    45    27    24     0    16    30    34    28    28    24
 1944    42    47    43    36    32    24    13    21    25    39    32    18    33    48    41    37    45    51    45    45    47    49    44    39    59    56    48    50    43    37    36
 1945    17     6    13    15     7    15    21    23     2    19    30    32    30    29    28    25    26    38    33    33    32    32    40    21    35    32    25    17    16    12    12
 1946    18    32    37    42    47    44    30    30    30    43    31    31    22    38    24    33    35    45    30    28    10    26    37    32    32     4    25    31    40    34    26
 1947    18    16     9    12    30    33    28    36    34    44    40    28    38    45    32    27    44    51    49    36    25    30    50    53    48    50    43    31    26    23    27
 1948    25    30    32    32    38    35    37    41    30    26    39    37    14    12    32     5     5    21    19    37    18     8    11    18    20     9     4    21    30    22    22
 1949    22    33    35    38    37    39    45    49    44    20    27    30    40    42    46    40    17    20    20    21    23    21    32    33    24    19    22    21    15     9    10
 1950    45    44    42    16    20    25    24    44    42    42    32    36    36    34    39    15    37    30    15    30    35    35    31    41    36     8    23    38    36     5    17
 1951    37    22    23    25    25    13     9    16    30    25    30    32    35    32    24    40    43    42    38    33    12    28    23    12    14    12    15     6    -8     2     6
 1952    22    15    30    26    27    25    29    35    32    25    38    35    29    45    42    37    37    36    39    35    25    34    25     4    32    29    20    13     5    30    44
 1953    31    31    27    26    25    11    25    29    36    33    33    40    39    38    40    12    25    25    29    29    34    35    34    28    27    35    32    20    18    32    31
 1954    39    40    32    34    41    32    29    40    34    20    19     8    21    33    30    29     6    31    32    29     2    22    40    36    19    25    27    24    38    32    32
 1955    39    32    43    36    35    30    36    35    35    25    30    28    23    37    36    22    23    21    29    31    31    20    13    15    17    15     2     3    16    16    35
 1956    35    35    30    30    39    28    27    27    32    26    29    32    40    38    37    20    25    31    25    16     2     8    19    24    29    27    32    36    29    17    18
 1957    23    25    36    30    25    36    33    37    32    10    19    16     8     8    10     2    19    26    32    36    48    35    20    25    22     7    14    24    18    20    28
 1958    16    16    18    24    40    33    14    26    41    38    34    38    44    41    36    33    32    29    30    28    26    30    28    26    28    33    30    26    28    25    18
 1959    28    25     3     4    15    20    25    25    29    28    28    44    41    42    35     6     6    24    25    18    15     7     3    29    20    18    24    36    36    34     8
 1960    31    37    26    16    16    35    42    34    40    39    37    40    40    38    35    35    30    30    23    18    18    20    21    21    21    17    23    29    30    28    41
 1961    28    25    17    33    31    40    39    29    31    37    40    45    42    34    31    36    43    37    23    15     9     9    20    15     9    14     8    20    17    23    27
 1962    28    31    45    37    31    22    22    18     2     2    16    29    33    31    18    12     6     4     4     1    12    10    23    33    40    38    30    22    36    33    22
 1963    23    28    30    29    30    26    40    48    39    33    18    15     6     2    -3    10    18    18    -2    -2    -1     6    -9     6     8     6     3    15    15     8    14
 1964    38    42    40    41    36    32    37    34    30    10    15    15    20    25    35    30    42    42    38    45    48    51    40    39    24    24    19    23    41    46    46
 1965    35    34    33    39    35    35    41    39     5    19    28    21     9     2    14    18    29    27    31    29    40    35    26    22    30    28    28    23    -3     1     5
 1966    41    36    27    41    40    26    13    14    37    31    15    25    24    24    19    18    10    15    20    25    22    22    10     3    15    20    20   -10   -10     6    17
 1967    29    31    29    30    25    32    32    18    32    28    25    38    37    32    17    35    10     1    17    41    47    43    44    44    40    22    25    30    29    33    33
 1968    10     9     5    -2    23     4     6    10    19    20    27    22    28    29    29    30    42    40    44    48    45    38    32    21    26    36    34    35    43    40    37
 1969     0    16    -4     3    18    20    10    22    21    10    12    15    25    26    33    37    32    29    26    34    37    35    36     8     8    10    23    33    30    30    19
 1970    28    22    18    19     3    -3    -6    -2     7    15    28    25    15    18    25    30     2    -3    -6   -12    -3    14    18    24    30    30    32    40    35    29    38
 1971    39    33    28    24     6    -2     2    21    28    27    14    16    24    24     6    12    14    11    12    25    34    34    33    33    33    28    -1     4    34    18    -3
 1972    30    31     6     4    14    32    30    40    39    34    26    39     9   -14   -16    18    37    41    10    12    24    25    15    20   -10    -6    -1    -6     9     4    26
 1973    16    32    29     1    -2     0     3     4    -4    10     8    21    25    37    35    44    45    49    33    25    30    32    28    39    44    51    33    32    23    29    36
 1974    -9     7    10    15    14     8    -2     2    -2     7     6     0    13    33    28    44    37    34    31    34    31    30    28    31    38    38    35    29    36    42    38
 1975    22    25    29    20    29    33    28    32    34    38    38     0     7    12    18    20    29    24    22    18    18    15    33    36    21    27    21    24    24    24    18
 1976    34    28    14    11    29    28    10    -1    13    21    20    37    32    23    33    19    14    25    32    27    27    25    26    34    29    11    17    41    33    24    39
 1977     4    12    21    13    19    12     7     7    -5    -5     4    -2    19    13    10   -13    -2    10    13    22    18    16    28    26    23    26    14     7     2     5    10
 1978    21    14    15    23    27    34    35    30    -3    -2    11    14    20    19    10     8    17    20    19    12    13    19    24    27    19     9     3     5     5    11    10
 1979     7    -8     7     0    -2     8     6     8    10     0     0    12    14     8    -3     6    10    14    22    23    22    20    21    11    22    26    25    22    16    13    10
 1980    31    28    25    29    28    30    18     3     5    39    45    20    42    43    40    39    34    32    28    29    29    30     9    37    35    14     5     6     5    10    12
 1981    31    24    20    12    24    27    14    19    14    10    12    33    30    25    24    15    36    47    44    44    29    45    51    55    56    43    32    18    22    31    32
 1982    14    24    16    17    23    12    -1    13     2   -11     2    10    15     6    10     5     2    21    23    18    23    24    24    -2     0     8    34    30    24    22    15
 1983    29    23    31    34    30    35    33    26    36    35    32    29    33    32    25    20    18    21    25    30    37    32    35    29    25    15    23    35    34    33    24
 1984    26    26    38    35    42    37    32    28    23    17    10    18    22    22    21    17     8    -1     6    -6    14    26    29    31    34    31    24    35    20    19    25
 1985    18    13    23    34    36    34    32    27    23    26    19    17    32    29    13    20    24    24     3    -8    22    22    25    29    28    22    22    15    23    22     0
 1986    31    29    27    22    29    10     5    19    37    36    38    28    20    22    31    43    41    35    37    36    35    27    28    29    26    15     5    19    21    25    34
 1987    34    33    33    34    38    36    35    33    32    30    33    44    47    43    37    19    26    30    26    22    29    32     9     7    13    24    37    34    33    35    40
 1988     5    18    20    13    -6    -3     5    11     4    12    46    36    22    19    34    40    36    36    35    33    28    36    24    24    28     8    17    26    45    47    41
 1989    28    22    29    31    31    31    35    33    23    29    36    38    33    35    33    35    36    35    43    37    40    44    44    40    33    32    44    42    36    47    54
 1990    26    41    41    38    36    32    46    48    41    37    45    31    28    42    53    43    50    35    38    38    27    40    38    34    31    36    35    38    41    38    38
 1991    24    17     7     9    23    15    16    24    24    21    25    27    27    34    29    29    28    28    38    35    13    22    26     4     8    19    27    23     6     9    20
 1992    32    34    34    35    32    32    32    36    26    33    45    40    33    22    18    24    34     5    30    31    42    38    35    20    23    25    27    24    33    36    38
 1993     8    25    36    18    22    17    18    16    17    21    25    30    29    24    18    26    26    18    24    32    39    35    36    34    21    40    37    30    15    30    44
 1994    39    32    23    22    15    19    13    10    13    30    30    25    21     0   -11     2     2   -15     1     3    25    24    36    32    29    20    23    24    23    15     2
 1995    24    18    16     4    18    26    14    15    18    23    32    35    32    30    32    33    37    32    28    27    22    20    20    27    28    30    31    30    29    24    40
 1996    33    31    19    20    17     6    12    26    33    29    28    42    49    35    27    37    36    51     3    12    31    29    16    13    12    17    17    19    27    -5    -2
 1997    33    40    40    37    35    14    18    34    29    24     5     0     9    13    21    20     2    11    33    38    38    45    24    27    21     6     9     6    13    20    42
 1998    43    48    47    29    33    35    33    33    29    11    16    18     6    16    23    26    25    24    27    25    28    30    29    28    30    31    36    35    33    27    42
 1999    11    18    17     8     3    14     5    11    11    11     9    11    14    15    25    38    35    34    34    31    35    34    33    29    27    30    38    30    26    40    39
 2000    36    35    30    19    26    31    26    44    39    37    23    24    22    29    45    25    24    31    22     6     9    20    22    21    21    16    21    24    29    28    26
 2001    21    20    31    31    34    41    39    22    20    37    38    37    34    34    33    27    20    29    29    13    20    23    31    28    20    28    26    24    32    37    35
 2002    17    23    25    33    40    32    29    51    50    45    48    47    39    38    30    25    22    18    29    42    43    55    54    40    58    60    59    55    35    29    29
 2003    33    30    37    34    32    32    56    56    52    31    20    39    39    14    17    22    20    17    29    28    13     9     7    13    21    14    20    29    29    33    33
 2004    34    39    39    21    17    14    24    23    25    27    47    45    39    36    26    34    32    31    15    21    36    29    25    22    22    22    20     9    -1     0     9
 2005    27    29    27    24    22    19    19    24    30    30    28    34    32     8     8    10     8    21    25    25    25    24    23    39    40    40    27    25    31    35    36
 2006    36    36    37    36    31    30    41    39    36    33    41    47    44    40    41    39    32    33    43    39    30    30    30    39    37    51    54    52    38    39    39
 2007    45    39    49    47    45    40    36    35    33    39    44    42    19    23    20    16    20    29    26    22    25    26    26    26    26    41    38    25    23    23    17
 2008    22    12    25    31    35    41    41    36    34    34    34    28    27    25    23    31    27    12    02    05    09    11    10    05    16    22    36    48    44    01    17
 2009    27    27    29    30    28    29    28    15    20    18    20    20    19    30   -01    04    23    20    20    20    22    32    31    14    11    10    12    14    26    16    40
 2010    10    08    07    09    14    18    18    12    13    15    21    21    33    32    29    28    28    31    31    30    32    32    35    36    31    18    18    16    14    18    19
 2011    36    19    30    30    24    24    17    15    18    24    25    24    17    19    20    16    29    29    16    14    05    12    13    22    25    23    30    30    31    28    25 
 2012    39    28    29    40    55    52    42    41    47    53    52    37    16    19    34    38    35    21    22    06    14    30    32    27    32    36    35    33    30    45    45
 2013    17    20    25    29    33    33    38    40    38    41    42    48    19    26    33    41    38    48    47    43    15    08    20    17    25    23    31    33    48    35    19