 1893   -99   -99   -99   -99   -99   -99   -99   -99   -99   -99   -99   -99   -99   -99   -99   -99   -99   -99   -99   -99   -99   -99   -99   -99   -99   -99   -99   -99   -99   -99   -99
 1894   -99   -99   -99   -99   -99   -99   -99   -99   -99   -99   -99   -99   -99   -99   -99   -99   -99   -99   -99   -99   -99   -99   -99   -99   -99   -99   -99   -99   -99   -99   -99
 1895    87    82    63    79    81    74    73    78    85    90    78    54    62    52    55    54    61    65    61    58    57    64    74    82    74    68    72    91    92    79    84
 1896    67    61    72    78    83    87    88    88    89    87    84    88    76    70    62    65    75    64    68    71    80    78    71    86    86    74    53    64    69    72    73
 1897    58    57    68    80    84    86    86    83    62    80    60    63    62    64    63    72    78    84    78    73    68    64    57    59    70    72    68    67    68    55    60
 1898    70    69    63    60    61    64    80    79    73    68    64    67    70    62    73    72    71    78    72    68    71    64    80    83    79    80    76    68    60    70    69
 1899    65    62    78    72    78    78    67    73    78    67    82    80    60    52    56    81    64    64    63    62    67    68    73    75    83    77    80    79    75    78    77
 1900    79    63    62    60    72    74    63    72    66    75    83    88    89    84    72    63    64    65    72    77    80    79    68    78    84    87    88    75    77    82    83
 1901    87    92    74    79    76    72    70    64    77    77    61    61    61    73    82    84    89    85    78    74    70    72    71    61    62    74    81    74    66    71    80
 1902    74    84    83    62    68    58    73    79    59    53    62    72    70    66    67    71    81    86    91    84    87    80    80    79    73    63    63    73    79    77    78
 1903    57    49    62    69    67    68    68    73    68    73    77    78    65    73    77    82    79    74    74    79    75    82    87    78    75    74    69    76    71    58    57
 1904    72    78    81    83    81    73    84    76    60    63    78    67    50    52    63    68    60    67    73    82    83    86    77    63    62    63    72    73    78    73    76
 1905    67    76    83    74    61    52    72    58    48    68    68    70    68    60    75    61    55    58    73    78    78    75    75    72    63    67    61    62    58    72    78
 1906    77    63    77    64    58    43    61    47    59    63    82    83    69    77    80    83    87    80    62    68    80    79    83    80    78    68    47    65    58    82    77
 1907    63    67    48    47    62    68    67    74    75    52    57    86    83    65    73    77    73    72    62    68    62    54    56    65    64    58    58    72    73    64    63
 1908    60    51    59    63    51    58    61    65    76    78    70    84    72    58    68    84    87    79    84    82    73    74    69    83    82    81    82    80    81    72    63
 1909    34    48    52    68    95    73    73    67    55    72    71    73    79    79    64    67    74    72    84    82    83    82    72    69    67    68    84    82    92    87    72
 1910    73    62    63    68    72    63    65    67    72    74    61    61    63    74    68    55    58    83    80    80    73    58    73    64    64    79    83    75    68    67    71
 1911    47    53    61    65    71    74    80    82    89    90    72    66    72    80    84    85    87    89    88    81    82    79    77    88    97    95    88    62    83    87    75
 1912    74    74    82    82    76    76    68    67    77    74    60    61    60    61    61    63    69    70    60    59    61    83    85    74    80    81    81    75    70    77    82
 1913    82    83    72    58    65    70    62    60    61    72    72    86    71    68    67    73    81    67    68    62    63    59    74    72    66    72    91    96    95    88    89
 1914    70    69    70    81    78    67    58    68    76    81    69    62    63    63    68    70    75    78    79    73    75    70    70    82    86    91    86    88    80    79    81
 1915    68    65    66    58    65    58    59    54    64    76    85    84    84    70    73    62    57    62    59    50    54    65    66    75    77    55    53    52    55    76    75
 1916    53    60    59    74    80    80    86    78    75    77    77    71    51    68    59    56    55    65    68    68    56    76    77    80    84    82    78    80    72    80    68
 1917    44    52    58    57    58    59    62    68    63    67    62    68    69    70    77    80    83    82    90    80    70    47    60    62    67    72    56    67    71    76    63
 1918    58    68    80    89    91    85    68    75    69    69    61    66    61    63    77    87    84    76    81    77    70    69    68    68    79    80    74    73    68    64    86
 1919    59    62    60    65    59    54    58    65    68    70    69    72    72    70    67    64    74    70    72    63    62    61    69    77    82    84    81    90    90    91    85
 1920    62    65    66    60    68    70    72    75    79    69    63    54    60    68    71    68    55    73    72    73    81    80    80    80    83    80    74    78    80    85    85
 1921   -99   -99   -99   -99   -99   -99   -99   -99   -99   -99   -99   -99   -99   -99   -99   -99   -99   -99   -99   -99   -99   -99   -99   -99   -99   -99   -99   -99   -99   -99   -99
 1922    73    72    78    70    72    74    75    71    82    86    84    71    70    72    70    71    72    62    65    82    82    77    72    70    69    75    76    84    85    70    70
 1923    80    80    78    69    70    73    59    59    59    71    65    57    68    69    60    55    69    60    76    72    69    70    72    73    80    82    80    82    86    79    82
 1924    64    59    57    66    78    77    50    47    45    56    69    70    53    64    67    73    70    64    52    60    57    66    56    51    59    58    66    69    63    71    70
 1925    58    62    66    57    52    56    67    65    57    60    68    75    71    72    74    63    60    69    78    85    80    95    84    59    61    67    68    72    85    86    90
 1926    85    75    58    75    82    83    83    83    82    79    69    73    66    62    78    80    72    65    63    66    66    64    85    88    84    77    75    77    90    88    81
 1927    71    73    59    51    64    67    69    61    76    64    55    70    72    55    61    69    81    65    67    56    85    73    81    74    65    68    60    51    53    72    72
 1928    76    86    78    68    64    71    69    82    87    79    61    70    67    75    72    73    77    77    76    71    72    81    79    90    78    74    63    70    73    82    80
 1929    63    50    50    51    56    58    60    56    65    61    63    77    72    67    68    59    65    61    57    63    73    70    72    76    75    74    77    87    84    85    84
 1930    77    73    72    73    84    81    69    75    82    73    77    62    56    53    55    55    55    57    64    79    85    79    64    56    70    71    76    64    60    70    73
 1931    76    63    67    72    69    39    40    52    47    56    59    69    72    78    85    76    72    69    69    56    50    56    69    84    77    82    87    78    74    66    73
 1932    57    63    62    68    70    76    65    60    57    73    71    77    85    91    84    69    70    75    79    84    71    70    75    78    79    77    65    70    75    73    73
 1933    63    58    62    62    54    54    52    55    50    50    61    72    67    74    78    80    82    79    84    77    76    72    82    78    84    78    74    74    69    74    78
 1934    63    58    62    62    54    54    52    55    50    50    61    72    67    74    78    80    82    79    84    77    76    72    82    78    84    78    74    74    69    74    78
 1935    53    45    45    53    60    62    71    64    66    67    62    65    60    58    59    65    72    71    67    75    78    69    68    75    76    76    77    75    79    70    70
 1936    75    60    57    69    76    89    82    85    84    77    80    79    66    73    79    93    83    72    70    65    85    88    79    74    79    86    83    80    78    82    92
 1937    69    65    72    74    71    73    73    72    66    71    69    75    62    61    56    71    74    68    71    68    74    69    73    75    78    78    68    81    89    88    81
 1938    79    79    89    78    67    60    49    44    63    67    62    61    66    66    61    73    64    82    72    62    69    72    64    62    71    76    69    75    80    82    82
 1939    72    69    71    77    87    84    77    76    83    75    65    65    71    77    67    86    73    79    88    83    86    87    78    87    90    85    80    69    79    91    88
 1940    42    59    62    63    78    73    71    68    72    69    71    87    91    84    58    60    76    75    64    77    73    73    73    67    64    67    66    68    74    77    80
 1941    75    79    78    81    80    75    67    55    59    66    64    70    75    75    83    71    71    78    83    85    79    73    66    71    78    86    83    87    82    68    77
 1942    77    63    54    52    48    46    64    69    70    65    65    65    78    66    52    64    64    59    62    59    65    68    72    78    75    75    72    84    88    87    80
 1943    58    68    67    67    81    65    57    61    57    53    69    55    59    63    57    56    57    64    69    67    78    78    67    61    54    57    54    85    89    81    79
 1944    74    70    64    52    43    49    60    58    65    68    79    82    74    87    87    84    80    71    74    80    73    82    78    74    82    81    82    82    87    86    86
 1945    52    41    61    63    68    80    72    54    49    55    55    58    65    47    58    58    61    66    69    72    72    65    72    73    80    79    74    70    69    76    71
 1946    74    66    62    57    67    64    60    73    73    54    55    57    73    74    68    67    62    72    60    56    72    75    68    72    65    72    84    80    78    81    80
 1947    69    64    71    59    54    52    55    53    59    68    74    74    70    68    76    70    63    83    67    67    68    66    58    61    75    65    62    48    55    69    78
 1948    63    58    72    72    70    59    62    53    51    46    49    49    60    68    74    62    72    73    78    90    76    84    66    69    72    82    86    71    65    72    81
 1949    78    79    92    90    92    88    81    69    66    67    79    82    89    73    72    78    80    82    74    55    62    71    65    63    70    70    70    70    77    81    80
 1950    50    57    71    75    76    61    55    57    58    59    70    76    76    79    70    64    71    70    69    62    62    76    81    85    66    66    68    67    75    78    71
 1951    84    79    76    72    59    57    69    73    72    60    69    77    75    77    80    78    71    83    79    79    75    71    75    78    77    62    65    75    79    81    77
 1952    87    83    84    89    85    74    63    54    54    57    48    62    71    68    66    67    66    66    66    70    64    60    71    74    77    78    75    63    65    69    71
 1953    52    51    49    67    70    69    73    82    80    80    77    69    53    61    71    74    69    67    76    80    73    57    64    63    74    73    70    69    90    91    87
 1954    65    50    39    48    53    57    52    50    52    62    63    67    71    74    82    76    68    64    62    68    68    80    82    79    71    68    64    67    67    75    77
 1955    81    86    85    76    72    82    80    61    58    69    76    72    77    78    78    79    76    81    85    83    84    82    88    81    66    69    70    67    65    73    73
 1956    53    56    52    58    55    58    64    65    75    70    80    86    85    78    64    55    68    84    76    79    86    90    76    64    75    80    85    75    81    81    74
 1957    82    79    59    61    68    78    77    82    79    51    61    59    65    70    61    56    54    51    51    64    78    70    65    75    74    64    67    75    80    71    79
 1958    65    58    73    65    60    64    70    71    75    83    82    80    83    82    80    75    74    72    71    72    80    76    69    77    77    78    73    71    84    81    74
 1959    82    88    84    89    84    78    60    67    66    80    73    72    70    50    60    69    75    71    75    77    75    65    65    70    77    82    75    77    78    77    72
 1960    65    73    76    76    73    61    45    48    46    57    64    70    76    80    81    76    72    70    75    74    72    71    79    76    72    68    61    66    74    77    76
 1961    55    56    63    64    61    65    74    69    55    74    81    85    85    82    58    67    63    54    61    65    71    68    75    77    73    61    75    75    72    74    89
 1962    68    72    82    83    80    68    60    59    55    53    59    73    83    84    85    86    86    87    85    78    66    87    82    73    71    66    64    72    78    78    69
 1963    63    67    72    77    66    74    83    85    80    77    55    54    70    68    66    71    73    70    65    69    56    55    66    70    71    71    71    67    73    80    82
 1964    55    76    79    81    82    80    83    79    72    75    74    73    65    72    80    79    78    88    86    77    88    89    86    84    77    77    73    66    70    69    68
 1965    82    87    83    65    78    80    81    78    80    75    72    80    78    78    74    66    76    75    71    75    83    79    60    83    86    82    63    49    51    66    77
 1966    51    64    60    70    82    81    75    65    51    53    50    47    50    62    61    75    75    68    65    70    79    79    76    73    79    90    88    72    69    68    72
 1967    68    52    46    51    56    60    64    61    65    64    54    55    65    63    60    71    75    91    80    64    68    68    80    78    87    93    92    65    66    66    72
 1968    85    83    80    67    60    60    62    71    69    66    67    68    75    82    83    74    62    62    62    63    67    69    69    63    60    53    55    69    63    70    69
 1969    65    76    76    83    81    76    75    71    55    55    55    63    75    76    78    82    70    59    62    65    64    60    65    77    67    75    87    89    87    81    80
 1970    55    58    74    72    67    62    84    83    81    78    65    66    64    55    52    62    72    85    83    86    90    88    69    79    70    68    64    78    77    77    78
 1971    58    57    65    71    71    67    71    69    72    74    71    59    80    78    83    80    78    75    64    65    67    65    63    62    55    57    64    72    76    79    77
 1972    60    57    66    61    59    56    55    61    62    67    67    74    69    65    73    81    85    85    85    87    88    86    86    83    78    82    82    75    72    61    68
 1973    60    52    60    61    58    59    55    70    70    66    62    56    59    55    69    67    63    78    71    75    70    61    71    67    59    61    62    58    66    72    78
 1974    68    72    70    62    65    54    52    44    45    53    62    60    53    56    58    64    70    65    69    75    82    76    68    62    65    70    64    72    75    71    68
 1975    61    67    62    64    72    66    59    58    70    75    72    64    68    70    62    70    78    83    88    87    83    86    85    80    80    73    73    68    64    59    69
 1976    57    53    53    64    70    57    56    72    78    75    74    70    63    70    67    67    61    68    76    82    72    67    68    66    69    72    74    72    63    69    73
 1977    77    68    62    65    69    74    70    73    70    68    72    80    85    84    85    79    77    85    85    81    78    71    79    84    85    84    84    84    83    78    73
 1978    55    60    66    56    61    64    59    57    54    76    78    74    60    62    64    69    70    76    80    79    67    70    70    75    88    90    87    81    76    73    81
 1979    55    52    51    52    67    76    67    74    83    81    63    59    66    65    64    73    82    76    67    68    62    68    62    67    68    64    73    79    83    81    70
 1980    78    79    83    87    80    68    60    54    68    63    61    68    62    65    65    58    56    55    72    75    82    85    81    81    86    82    87    86    80    75    77
 1981    59    70    72    68    63    59    63    58    62    58    62    62    62    68    75    74    68    62    70    78    80    77    76    64    64    70    75    74    79    70    77
 1982    70    74    78    80    76    59    62    72    69    78    73    74    68    78    76    78    75    77    79    74    61    52    59    63    64    59    65    75    70    78    65
 1983    60    53    63    58    60    66    59    63    60    69    75    72    67    63    64    62    58    56    63    67    70    72    70    77    60    67    64    64    62    56    65
 1984    54    50    48    62    64    66    61    49    65    68    73    70    69    69    70    67    82    80    75    80    78    74    70    73    66    63    60    63    67    74    77
 1985    69    72    79    78    74    71    73    80    83    82    73    66    69    78    62    59    69    76    82    72    71    75    75    83    84    86    79    74    78    83    79
 1986    70    58    67    81    81    80    78    74    72    65    67    76    77    75    74    72    71    65    64    64    68    68    70    72    71    72    71    76    79    82    88
 1987    69    67    64    67    67    79    78    83    88    88    80    76    82    82    76    86    90    87    72    80    83    80    61    60    58    78    81    80    81    81    81
 1988    76    76    75    74    76    81    81    77    60    74    76    82    81    80    82    70    69    76    77    83    87    85    80    79    73    84    81    91    89    90    91
 1989    51    58    66    66    57    46    63    62    66    70    71    71    71    72    81    79    81    79    74    75    81    80    81    81    76    72    70    72    80    81    83
 1990    58    64    67    66    69    72    83    83    73    54    66    65    68    70    68    66    59    70    70    53    60    68    71    71    68    67    71    75    75    72    76
 1991    54    57    52    59    59    48    58    59    76    76    82    85    86    85    83    81    75    53    67    76    78    85    82    76    74    79    87    89    88    82    80
 1992    90    89    68    61    56    67    74    79    83    84    83    74    73    70    70    85    83    70    79    84    83    84    81    60    53    58    65    72    73    76    80
 1993    58    57    56    60    73    73    74    82    81    79    78    76    73    76    74    65    64    61    57    59    69    69    66    64    65    80    79    74    63    65    65
 1994    57    61    64    64    64    57    64    66    69    76    77    73    78    78    71    70    72    76    80    83    85    84    85    76    76    63    70    80    79    85    79
 1995    55    62    61    62    70    72    74    71    58    57    70    69    67    60    73    82    73    65    75    76    70    75    73    65    72    73    71    66    74    79    80
 1996    60    60    59    64    62    57    63    53    60    60    58    58    62    62    58    65    87    88    87    72    75    74    68    63    61    58    57    58    72    73    73
 1997    61    61    60    67    72    70    70    64    62    72    70    60    53    52    54    80    80    79    78    62    65    72    74    75    62    63    65    64    57    69    80
 1998    77    76    65    75    76    75    64    73    73    73    76    77    76    90    89    80    88    90    91    86    74    74    70    65    72    76    79    89    90    83    79
 1999    73    74    79    77    70    63    56    55    67    77    77    76    56    69    70    71    71    66    76    76    74    74    74    61    67    74    82    85    84    83    83
 2000    75    76    81    85    86    85    86    84    69    63    67    71    67    64    71    72    70    60    62    67    71    79    78    75    75    75    67    57    65    80    77
 2001    79    79    63    63    62    69    68    72    80    79    74    65    67    89    91    90    82    79    81    82    74    63    50    59    60    62    64    71    72    71    67
 2002    61    51    61    70    76    80    80    79    78    63    61    50    60    64    76    75    64    58    60    57    65    75    76    75    60    77    80    81    82    88    89
 2003    67    65    67    66    56    69    69    59    67    67    66    65    73    72    68    72    72    75    76    73    64    66    66    71    76    75    81    76    78    82    82
 2004    58    57    60    70    75    75    71    61    84    84    76    80    76    53    62    73    75    73    76    80    79    73    72    67    64    65    74    72    70    77    74
 2005    47    43    54    67    74    79    79    79    79    74    74    56    58    61    52    62    70    70    74    70    69    74    72    76    74    71    70    64    74    75    80
 2006    60    72    70    65    58    65    70    71    69    70    66    46    47    53    65    73    72    71    70    76    74    70    79    85    81    80    83    91    93    93    81
 2007    75    73    71    71    69    67    70    75    78    85    83    77    79    90    91    66    65    73    83    82    83    83    78    79    67    68    73    78    84    84    78
 2008    65    67    59    67    72    81    82    65    66    64    58    63    64    65    69    76    76    72    63    67    65    68    67    70    79    79    78    69    69    72    77
 2009    65    64    68    73    72    73    69    75    71    57    64    72    70    63    60    59    63    70    86    88    85    71    71    73    74    72    65    68    72    72    75
 2010    68    71    71    83    83    62    59    48    58    57    56    55    61    67    71    69    71    71    78    78    75    79    88    92    92    78    80    82    86    90    90
 2011    57    51    53    62    63    70    69    69    71    89    90    81    79    56    63    64    65    65    70    76    76    75    74    74    69    63    63    72    74    88    88
 2012    64    79    83    82    76    70    70    67    63    71    79    77    73    81    84    79    77    88    88    86    73    80    85    85    81    70    90    91    83    69    64
