 1893    26    20    10    18    29    23    46    40    43    50    40    41    37    41    22    24    35    36    37    44    41    47    53    35    41    39    41    47    54    56    66
 1894    50    52    64    59    50    38    36    43    52    66    49    55    49    46    46    63    77    57    43    43    66    51    43    23    23    21    37    33    35    52    45
 1895    31    47    21    22    28    39    45    31    49    26    39    34    16    18    23    32    46    46    44    44    48    54    53    60    58    60    68    52    84    52    36
 1896    31    30    32    34    33    35    30    34    40    38    24    13    19    26    35    34    39    38    32    35    55    34    38    51    57    55    43    55    48    62    58
 1897    28    22    19    22    34    29    28    38    35    36    35    25    22    15    22    40    44    42    43    36    34    42    34    35    36    37    37    42    58    61    57
 1898    33    32    38    36    43    46    53    55    52    47    37    42    50    58    57    53    52    43    41    53    63    48    35    43    54    58    57    29    35    41    50
 1899    28    37    36    32    21     0    19    35    39    35    43    34    33    32    36    38    35    36    23    25    28    28    22    29    34    30    28    24    25    30    29
 1900    30    28    39    29    23    20    37    34    42    47    43    42    34    22    17     3    25    39    35    22    50    42    37    47    35    36    40    35    37    42    50
 1901    46    43    40    26   -99    30    45    45    38    30    37    43    36    37    34    43    51    57    32    24    29    42    56    49    54    41    38    41    44    37    43
 1902    31    20    35    37    43    48    49    40    52    48    52    48    57    56    50    32    12    33    43    37    48    57    62    59    64    60    66    58    50    39    40
 1903    37    40    44    37    35    40    44    48    45    44    39    47    45    41    38    42    47    70    64    52    47    38    33    34    43    53    42    42    48    58    55
 1904    43    44    22    37    39    44    38    37    39    43    32    35    28    28    36    38    39    40    42    41    37    42    57    52    47    20    29    45    41    44    43
 1905    40    37    43    42    38    33    33    42    43    28    25    28    27    35    37    45    46    47    33    38    41    61    53    54    53    63    71    54    59    68    72
 1906    42    38    37    25    38    37    42    41    37    29    20    21    23    21    22    21    32    34    28    36    35    23    32    39    35    40    35    38    44    52    48
 1907    45    28    32    34    33    32    36    37    41    44    38    39    32    40    52    58    37    38    52    50    70    62    67    62    78    83    79    76    50    45    38
 1908    35    36    41    45    35    39    36    29    41    53    56   -99   -99   -99   -99    37    36    33    32    42    58    48    54    40    64    54    38    35    43    53    53
 1909    41    43    37    36    42    40    37    39    35    29    33    39    28    33    30    25    26    36    37    42    41    46    50    42    39    41    38    39    39    45    45
 1910    40    42   -99   -99    52    43    39    32    38    41    42    54    47    38    49    53    59    70    71    62    67    72    83    72    75    73    75    81    80    66    62
 1911    38    50    42    34    37    50    55    56    48    54    59    47    49    65    30    34    43    43    52    64    78    52    46    53    65    54    43    35    42    38    42
 1912    13    18    22    26    23    30    38    31    23    33    28    33    40    27    29    41    43    41    43    25    22    29    38    35    40    43    44    50    44    48    40
 1913    20    15    37    28    39    18    32    52    46    40    47    56    51    48    37    25    38    57    58    47    27    36    41    52    34    27    32    50    58    58    55
 1914    17    35    42    43    41    38    37    33    39    37    35    42    50    58    66    55    46    33    36    34    46    33    42    50    55    53    56    47    46    52    45
 1915    27    31    30    29    29    30    36    40    40    33    41    42    42    36    39    40    43    39    34    28    33    43    47    50    43    31    40    34    33    36    37
 1916    22    21    12    34    30    31    27    27    42    34    40    57    44    34    30    33    40    43    38    54    47    37    37    52    48    43    51    45    51    58    54
 1917    29    25    34    20    18    26    38    38    34    37    44    37    37    33    29    36    34    30    20    41    41    44    57    39    55    50    48    41    51    50    63
 1918    37    43    48    46    45    46    25    45    34    33    32    45    47    38    39    38    47    57    67    68    70    64    55    53    62    58    52    53    60    62    67
 1919    15    21    44    33    19    25    34    42    42    38    48    54    40    34    58    54    52    52    62    52    44    50    56    60    58    50    42    51    67    61    45
 1920    33    34    35    29    16    10    19    31    44    42    45    38    39    46    57    45    37    43    41    46    50    66    55    58    53    65    65    63    46    63    74
 1921    48    49    37    52    47    38    37    37    35    53    50    46    34    36    48    50    58    67    74    70    41    45    46    47    62    64    67    28    49    47    42
 1922    30    40    41    43    45    47    41    39    44    46    50    53    63    57    55    50    46    41    41    40    40    44    56    54    57    52    45    40    42    44    46
 1923    58    62    52    42    29    32    32    35    40    40    40    40    31    27    27    24    40    27    11    41    47    35    31    33    29    35    35    26    43    29    25
 1924    37    39    38    36    35    32    22    30    32    32    35    32    33    30    30    36    30    35    39    35    36    40    41    40    39    41    50    54    36    25    31
 1925    27    21    39    42    48    52    42    39    47    50    32    48    46    25    35    44    51    47    42    55    49    52    64    62    63    60    49    56    56    55    60
 1926    42    17    24    29    30    35    26    27    35    34    36    32    24    35    28    35    51    49    48    52    50    50    60    55    41    28    28    32    29    33    29
 1927    30    38    43    48    37    49    49    45    55    46    47    48    46    57    65    68    54    58    43    31    36    45    44    44    36    36    42    54    52    54    43
 1928    32    33    42    36    28    45    38    32    30    40    42    46    42    35    36    38    41    40    41    45    64    64    76    71    75    55    36    34    40    42    55
 1929    32    36    36    38    35    40    22    36    26    34    42    45    50    49    42    43    54    61    50    57    45    51    48    50    45    57    59    60    59    50    39
 1930    41    25    32    49    40    50    46    43    55    46    45    62    52    44    63    78    66    30    43    39    32    44    49    35    36    31    39    40    35    52    39
 1931    32    38    32    33    35    40    30    39    40    44    48    52    44    36    33    42    42    42    42    45    51    45    48    42    51    47    45    32    35    42    47
 1932    39    37    44    40    40     7     7     7    10    15    17    21    26    26    35    39    30    35    28    31    27    33    26    32    51    42    47    47    74    56    41
 1933    43    40    37    43    39    44    44    40    25    25    38    65    58    48    35    57    53    43    28    25    34    36    43    40    36    42    39    45    40    63    50
 1934    40    40    37    43    39    44    59    40    25    25    38    65    58    48    35    57    53    43    28    25    34    36    43    40    36    42    39    45    40    63    50
 1935    45    44    33    52    46    30    27    30    34    41    30    37    35    47    66    68    37    40    52    69    60    62    58    60    55    59    56    45    43    38    42
 1936    37    36    47    41    27    28    39    39    47    56    41    34    32    41    42    42    43    50    45    57    54    55    72    65    48    41    48    71    57    30    29
 1937    40    40    44    40    52    59    48    37    21    30    33    35    31    32    37    42    49    49    48    42    42    35    43    39    27    26    37    42    48    48    42
 1938    54    46    32    28    29    29    37    36    39    49    50    66    55    49    41    37    60    70    55    71    80    71    54    64    61    56    69    62    68    65    64
 1939    29    39    42    37    30    30    25    44    39    35    41    44    50    50    40    21    20    30    59    48    65    65    80    78    75    65    44    44    37    40    63
 1940    34    37    40    38    37    40    40    37    33    31    27    26    29    24    35    40    40    41    40    37    29    22    18    21    30    27    38    41    53    73    62
 1941    37    38    38    27    34    34    37    42    43    38    32    38    35    37    37    35    11    25    42    44    38    45    37    38    37    41    43    43    49    60    55
 1942    39    39    42    43    43    48    46    36    35    48    43    44    41    46    42    37    36    43    47    46    43    50    60    62    67    64    36    35    37    34    43
 1943    30     5    26    34    22    17     9    15    29    28    38    47    45    48    42    40    21    24    24    31    30    37    46    53    53    45    38    41    66    78    72
 1944    38    44    41    36    36    31    20    21    19    43    45    34    29    34    33    33    31    28    33    41    43    37    49    51    37    32    42    39    34    29    37
 1945    43    43    32    43    38    22    28    38    43    46    44    47    58    51    47    73    64    68    59    51    61    79    76    73    65    65    76    68    68    65    69
 1946    44    46    65    42    36    52    42    36    32    35    47    57    59    54    51    48    45    54    59    64    69    59    46    60    66    64    75    78    77    60    63
 1947    30    28    30    36    35    41    36    35    43    43    42    39    38    30    28    34    38    40    47    42    38    60    67    51    36    37    46    44    42    39    38
 1948    30    28    28    24    27    33    33    32    17     5    11    22    37    44    50    46    46    56    56    67    58    56    63    62    71    67    40    46    42    50    48
 1949    31    38    40    50    45    42    42    42    42    32    30    38    36    36    29    34    36    35    40    57    56    53    44    61    62    41    46    60    58    42    40
 1950    24    11    25    42    46    44    45    39    23    25    23    21    23    37    32    33    35    28    29    38    36    39    44    39    39    39    49    38    34    40    52
 1951    36    30    37    31    45    44    35    27    26    34    43    43    48    38    32    37    36    34    14    15    19    46    40    29    38    42    50    42    38    37    39
 1952    30    31    36    30    27    33    33    31    38    41    38    40    39    36    34    36    44    42    38    42    39    36    28    27    34    35    35    43    52    63    60
 1953    27    28    33    27    22    19    22    32    44    49    48    48    42    38    34    45    59    53    47    57    71    69    52    36    37    48    52    54    54    50    42
 1954    45    37    27    28    29    50    45    41    40    42    43    39    30    31    37    44    57    59    54    38    45    40    47    43    54    41    54    47    30    36    35
 1955    42    40    46    40    33    25    15    52    57    61    55    50    48    49    48    36    33    40    50    40    33    31    36    30    21    24    31    39    54    62    66
 1956    47    49    40    45    52    46    36    22    37    30    26    17    36    32    28    38    37    35    38    41    38    35    32    36    50    54    47    38    34    35    46
 1957    39    32    23    36    43    35    27    29    35    44    50    54    65    59    32    37    46    41    38    41    43    50    53    49    41    47    50    49    46    50    54
 1958    32    34    35    35    34    38    38    38    41    39    45    45    40    37    33    32    38    37    41    38    46    48    51    50    50    51    51    53    56    56    59
 1959    37    38    36    31    29    30    31    42    36    38    40    39    42    38    32    30    29    42    49    44    37    38    52    54    47    40    46    45    47    45    47
 1960    23    21    23    15    21    18    27    25    26    32    29    31    26    31    33    31    35    32    38    32    38    37    35    32    22    40    52    48    58    50    47
 1961    45    53    44    35    36    33    33    32    37    37    40    40    39    43    42    40    35    36    43    42    39    39    42    50    61    57    58    38    37    49    46
 1962     7    22    27    27    25    31    37    35    39    37    37    37    34    28    32    39    37    39    38    40    41    40    40    43    48    47    55    67    45    38    37
 1963    37    42    40    37    35    37    37    39    34    32    36    38    36    39    40    46    47    39    35    35    37    50    70    74    69    54    67    65    66    75    69
 1964    55    63    56    49    36    47    36    30    36    39    37    48    55    53    53    48    33    37    41    38    36    37    52    47    28    25    28    27    25    28    36
 1965    47    35    28    34    38    37    39    37    30    29    33    36    37    35    37    37    35    30    15    17    17    25    22    19    25    29    30    35    34    39    42
 1966    45    51    55    52    29    25    35    43    50    53    54    56    51    55    55    65    70    63    44    52    58    52    49    23    31    29    37    45    50    52    69
 1967    36    46    40    33    33    38    35    29    56    62    53    37    37    35    35    39    23    35    35    35    36    50    48    59    55    45    51    58    61    80    75
 1968    51    45    43    60    52    51    54    49    45    42    44    35    38    52    62    65    67    61    55    43    33    29    44    68    71    72    68    74    71    77    75
 1969    37    40    39    40    35    35    34    26    27    25    21    31    28    26    31    46    54    57    55    50    41    55    50    38    35    38    37    35    19    22    29
 1970    33    36    46    38    47    43    38    32    31    36    38    35    29    31    30    41    44    47    44    40    44    49    42    46    45    40    31    31    38    40    46
 1971    31    25    27    37    36    34    27    26    29    33    35    36    45    49    37    32    45    42    34    37    38    34    26    30    36    37    51    48    40    54    72
 1972    34    23    32    26    18    42    44    27    25    34    54    39    38    45    45    40    43    43    55    57    52    39    38    39    41    38    32    37    34    36    33
 1973    42    41    45    45    37    46    44    43    37    38    52    58    60    64    50    39    35    43    43    49    48    48    59    54    50    59    60    57    61    61    49
 1974    35    55    54    39    50    63    59    43    39    50    38    43    38    34    39    31    37    36    32    29    30    32    18    18    44    40    38    35    36    39    39
 1975    16    19    19    24    30    33    27    20    21    31    31    27    24    32    36    49    46    38    45    47    42    38    37    33    29    27    31    33    29    23    45
 1976    28    29    29    27    27    31    27    36    36    34    42    48    29    38    34    28    35    58    68    63    44    43    63    54    64    60    42    60    47    46    40
 1977    31    33    37    37    33    37    52    64    59    62    53    55    49    61    54    46    39    35    38    42    36    47    41    49    63    63    64    53    55    54    39
 1978    27    23    18    15    21    33    29    35    37    38    35    38    34    33    32    28    26    39    36    44    46    48    42    34    42    50    63    59    52    62    77
 1979    36    36    35    34    35    35    32    35    30    13    31    38    40    25    24    44    39    51    49    37    48    51    43    31    25    29    38    41    38    54    37
 1980    14    24    36    33    20    21    32    30    42    20    28    31    30    40    47    48    37    53    52    46    38    32    32    35    44    42    45    40    50    46    55
 1981    37    33    34    40    34    30    35    42    48    43    43    51    40    50    55    46    41    33    38    42    50    54    59    65    56    51    58    70    65    50    72
 1982    33    25    21    25    21    22    20    23    19    40    36    43    42    44    38    38    36    42    38    38    34    38    49    45    39    32    35    45    54    60    56
 1983    54    54    65    67    58    62    52    32    26    29    35    31    49    45    37    36    47    39    36    31    29    29    38    40    40    33    35    46    41    39    40
 1984    41    37    44    32    30    18    26    22    19    26    23    21    30    32    39    36    30    36    32    29    34    39    50    55    52    47    40    49    41    44    50
 1985    49    37    32    31    23    32    47    43    47    58    52    44    42    44    48    44    49    52    55    56    53    58    49    37    38    68    61    48    48    38    34
 1986    37    37    39    40    35    32    22    33    46    37    42    39    35    35    38    44    44    45    41    28    42    52    49    49    69    61    55    77    83    84    79
 1987    39    44    43    54    55    61    72    71    46    30    40    43    41    38    42    47    51    47    48    59    58    65    66    65    51    46    52    50    43    33    42
 1988    50    47    33    38    43    50    47    46    48    51    52    50    30    26    30    38    41    40    41    39    42    60    61    56    60    56    52    53    53    55    57
 1989    20    14    22    22    24    29    29    37    40    47    46    43    39    38    37    33    26    24    34    35    32    44    56    60    59    75    76    76    57    53    43
 1990    54    52    43    51    48    40    38    38    51    50    64    73    72    67    60    46    38    36    34    51    63    62    42    36    47    45    53    52    51    55    54
 1991    42    42    28    39    52    47    31    46    42    41    49    46    40    44    45    43    44    47    60    58    56    51    49    55    62    79    78    39    35    42    53
 1992    61    59    52    46    55    53    53    58    52    23    25    27    27    34    34    47    41    40    45    43    39    38    53    63    61    47    47    46    37    52    51
 1993    39    40    42    41    42    36    40    39    36    36    28    22    20    17    43    41    25    30    33    38    35    34    34    44    47    45    46    51    59    58    40
 1994    33    33    41    46    52    40    38    31    33    32    40    48    46    57    52    39    42    44    47    60    58    70    69    66    45    47    46    42    41    43    63
 1995    20    24    37    41    39    33    28    21    27    50    61    65    68    66    70    71    68    59    53    51    52    52    50    55    55    55    51    39    49    43    36
 1996    28    25    24    32    32    27    12    21    30    43    49    58    64    62    48    47    46    43    37    37    42    47    51    47    48    17    41    49    55    53    42
 1997    40    35    35    34    29    24    38    46    44    53    51    42    31    30    19    40    45    44    46    52    51    45    42    39    39    66    74    74    48    50    58
 1998    33    40    35    32    33    35    40    39    31    20    18    20    37    37    28    35    34    34    35    39    45    46    44    46    59    74    73    62    78    77    52
 1999    45    47    35    35    35    30    33    31    31    37    39    40    42    46    49    60    59    43    52    55    53    48    55    55    44    53    60    58    59    73    72
 2000    47    47    52    64    70    72    79    78    71    30    42    42    43    54    47    40    42    41    41    42    50    55    65    63    59    62    58    50    55    60    66
 2001    32    38    46    47    28    34    33    32    31    35    37    36    38    45    44    37    39    42    45    46    48    48    40    37    20    28    38    45    38    43    44
 2002    21    20    18    16    34    33    34    36    35    24    44    48    46    40    38    48    47    44    43    49    48    35    43    42    36    44    55    57    59    56    46
 2003    43    33    25    25    18    28    32    20    10    19    41    41    42    55    69    72    71    68    47    46    43    54    71    69    56    55    49    49    42    45    53
 2004    53    41    37    39    38    45    45    35    42    49    45    34    45    44    38    38    43    43    51    52    35    44    61    67    67    68    67    61    59    55    50
 2005    27    30    40    48    44    68    68    31    33    39    38    34    36    35    45    45    40    34    34    40    44    43    44    44    44    47    60    70    72    74    58
 2006    43    41    42    43    44    36    38    39    48    56    63    61    37    35    38    34    38    38    43    43    40    45    42    41    45    51    50    52    53    61    58
 2007    33    33    25    29    29    24    29    38    42    47    49    50    58    57    42    43    39    44    47    47    62    59    58    62    79    81    78    67    54    55    53
 2008    34    52    46    32    31    29    23    20    29    29    42    43    46    47    36    39    39    41    47    48    48    35    36    40    49    51    50    44    46    47    46
 2009    23    25    26    45    62    63    52    37    38    40    40    24    40    49    57    65    66    62    55    46    64    64    55    57    58    45    44    37    44    51    57
 2010    37    37    40    42    43    42    44    40    43    44    53    52    45    61    64    64    64    64    64    42    51    56    61    59    54    47    48    54    56    71    75
 2011    40    39    39    39    38    38    35    39    39    36    44    44    32    43    48    57    57    53    52    51    49    49    37    33    39    39    37    40    45    48    49
 2012    37    37    37    31    34    67    67    47    40    65    65    64    67    73    76    80    81    81    80    73    72    75    70    69    66    64    77    76    59    59    48
 2013    30    29    32    32    30    30    32    40    39    38    36    30    30    37    39    38    32    32    25    25    26    35    37    37    35    39    41    45    52    53    49
