 1893   -99   -99   -99   -99   -99   -99   -99   -99   -99   -99   -99   -99   -99   -99   -99   -99   -99   -99   -99   -99   -99   -99   -99   -99   -99   -99   -99   -99
 1894    18    23    22    20    37    40    43    44    36    17    14    19    24    37    19    32    38    40     8     4    18    13    13    21    35    42    48    42
 1895     3     8     9    -1    -1     6    -4     0    12     6     8    18    22    20    32    29    29    24    27    42    23    35    34    49    46    50    45    55
 1896    34    38    35    39    35    29    26    30    26    30    24    22    25    27    32    15    21    25    16     7    28    46    46    38    46    58    55    35
 1897    32    36    37    36    32    33    29    28    29    32    33    34    36    26    38    37    32    31    38    37    37    32    16    27    20    -4    22    19
 1898    15    -2    25    32    20    35    42    44    38    43    38    39    34    28    24    27    34    25    24    23    28    31    25    15    34    33    36    37
 1899    15     4     5    -1     8    -1    -4   -18   -16    -1   -10    -1    16    27    43    42    36    37    46    48    46    35    26    23    32    31    26    25
 1900    15    18    29    20    28    28    38    30     8    29    38    37    10     5     3     6    10    12    27    35    32    30    32    -4    10    17    23    28
 1901    16    30    23    20     9    22    32    26    21    18    20    22    33    33    32    31    39    28    18    15    17     9    22    20    21    18    21    39
 1902    13     4     9    -2    10    13     8    12    18    23    24    22    32    30    28    32    22    26    28    36    38    40    43    41    42    47    38    39
 1903    42    32    21    20    22    31    32    31    34    43    41    26    27    22    15    -2     6     8    18    31    22    41    38    33    38    41    43    37
 1904     8     6     5    18    40    42    26    16    18    15    10    18    33    10     2    13    11    17    28    28    27    22    29    12    10    29    33    43
 1905   -12    -8     8    15    22    17    21    22    22     2     8    -4    -8    11     8    32    25    32    31    37    40    37    34    35    40    37    39    47
 1906    35    18    38     8    12    13    27    20    16    12    31    43    31    16    20    28    37    37    41    41    38    48    44    38    34    22    31    39
 1907    34     6    -3    -2     7    13    24    34    39    37    31    39    40    30    41    43    46    42    41    37    18    23    28    39    43    45    44    45
 1908     5    23    22    23    31    20    32    28    37    44    40    48    42    37    32    28    28    22    23    30    23    47    43    52    44    35    22    35
 1909    34    41    42    47    45    27   -99   -99    25    14    34    21    21    16    16    26    39    34   -99    38    40    39    35    30    30    38    33    39
 1910    42    39    33    31    24    21    34    34    27    16    18    16    28    38    33     5     6    22    27    27    24    12     6    17    31    36    25    38
 1911    44    40    35    24    20    20    21    30    20    21    45    39    40    40    39    38    38    35    27    23    23    35    42    50   -99   -99   -99   -99
 1912    21     2    -4    10    19    26    22     3     4    22    22    20    26    37    34    34    42    42    33    34    24    28    40    38    27    23    29    26
 1913     7    25    27     5     6    16    28    26    33    33    14    10    34    50    35    40    48    57    49    32    33    26    20    18    28    28    20    20
 1914    31    46    40    12    27    24     6     3    12    13     8    15    21    10    20     8    15    22    19    25    31    11    15    27    34    35    45    43
 1915    26    21    25    35    36    34    24    27    30    40    38    36    40    42    25    36    42    41    40    42    38    36    35    32    30    30    32    35
 1916     9     5     6     9     8    10     0    19    18    20    22    24    13    24    24    32    45    38    40    36    34    38    37    36    33    30    21    26
 1917    13    -3    -7    15    -7     9    29    37     7     5     8     1    19    31    26    29    41    20    18    24    23    23    32    15    19    37    27    21
 1918    -2     2    19     5     1    20    34    34    27    28    42    45    42    43    37    23    23    24    37    33     1    11    30    48    52    42    41    46
 1919    39    39    39    20    22    22    19    22    21    38    47    50    45    35    31    39    31    32    39    37    39    35    38    35    24    10    15    15
 1920    31    37    36    31    34    34    37    35    35    30    20    22    25    16     3    29    32    24    26    33    32    33    31    26    22    12    31    28
 1921    31    29    29    32    29    21    29    32    34    37    33    44    47    43    60    57    24    35    29    33    38    36    30    32    36    40    34    49
 1922    40    19    17    35    35    25    19    44    41    44    26    17    10    29    27    16    45    40    45    25    32    36    35    20    24    32    28    18
 1923    24    20    14     9    24    23    31    33    25    22    22    28    25    10    10    11    11    18    30    25    28    24    24    36    40    46    37    35
 1924    34    40    35    33    20    15    19    25    31    34    34    34    38    36    31    26    28    27    30    24    21    23    25    25    32    37    40    39
 1925    16    24    35    38    43    45    45    46    34    28    27    36    27    33    26    22    31    23    33    41    38    36    32    38    36    13    16    37
 1926    32    31    33    23    37    36    35    38    32    26    32    39    36    42    32    38    38    31    29    31    31    27    37    35    36    35    32    48
 1927    39    41    40    37    36    38    36    35    18    25    37    33    30    35    36    40    35    22    34    49    43    49    50    44    37    32    29    32
 1928    27    35    47    44    35    34    35    34    30    40    43    46    42    38    34    32    24    11    30    14    24    38    28    12    22    28    35    37
 1929    12    22    26    28    35    32    26    10     9    13    10    18    20    20    30    35    13    10     2    13    18    16    32    34    35    29    38    30
 1930    32    38    37    33    30    33    33    39    35    30    42    39    34    15     0    30    43    43    53    60    65    66    50    53    54    38    36    40
 1931    44    40    42    40    44    34    36    36    30    29    43    35    33    30    46    46    38    32    41    42    46    45    46    55    43    36    49    35
 1932    20    25    14    19    35    38    35    34    42    47    47    23    18    18    28    35    35    33    25    36    38    28    30    35    44    44    52    53
 1933    41    24    18    12    11    21     0   -10    -4    15    13    34    18    14    29    35    36    40    40    46    28    49    53    45    41    48    43    46
 1934    41    24    18    12    11    21     0   -10    -4    15    13    34    18    14    29    35    36    40    40    46    28    49    53    45    41    48    43    46
 1935    31    42    39    33    33    23    25    29    30    33    34    34    39    35    36    34    33    37    36    29    34    32    40    37    15    14    26    33
 1936     5    15    12    11     2     3    12    28     2    10    14    10    25    21     2     3     0     4    10    18     9    22    42    43    35    45    23    38
 1937    12    19    25    22    22    26    26    29    12    16    40    41    37    24    23    34    38    44    43    37    37    14    23    15    24    30    33    27
 1938    25    34    33    40    42    38    35    46    40    30    34    38    50    26    22    33    33    31    32    36    29    39    34    33    35    44    45    45
 1939    42    34    17    35    40    37    28    30    30    32    16    42    47    30    24    14    32    45    42    24    15    15    25    20    30    31    40    34
 1940    34    34    35    35    33    29    27    25    29    32    39    37    32    30    39    35    39    41    39    34    32    26    19    16    17    31    35    35
 1941    38    36    31    32    35    31    25    22    30    37    35    49    43    30    28    35    26     9     7    14    22    22    38    31    22    29    27    31
 1942    24    24    37    35    37    36    33    30    26    30    37    31    32    34    29    34    15     1    12    21    27    28    25    30    27    32    33    37
 1943    16    37    39    30    39    36    36    37    36    37     9    21    13     4    11    24    26    40    47    43    43    50    45    34    27    27    47    44
 1944    36    48    44    46    45    37    36    47    37    24    17    13    26    31    23    28    25    21    29    40    47    43    42    45    44    44    42    34
 1945    21    21    25    29    27    35    32    27    48    37    35    38    45    48    41    37    14    16    20    36    30    32    33    46    39    17    33    39
 1946    27     8    29    35    54    32    28    28    26    38    36    27    27    21    28    36    46    40    37    31    45    39    37    32    51    36    25    51
 1947    23    21    34     5    10    17     9    13    18    25    36    41    46    40    42    36    36    25    23    24    26    24    15    27    30    28    24    28
 1948    32    23     8    15    26    22    26     9    10    23    24    17    27    21    41    46    51    48    38    18    29    28    39    39    34    50    39    36
 1949    10     5    21    22    24    26    36    34    30    30    40    38    37    21    31    29    44    45    36    31    32    38    44    44    34    36    34    23
 1950    23    22    28    34    39    42    39    35    34    37    35    29    26    28    26    32    38    34    30    30    26    32    26    25    32    23    34    37
 1951     2    13    32    26    27    32     3     1     7    32    51    37    20    21    28    33    36    39    41    35    38    32    32    44    51    48    40    38
 1952    41    35    37    33    31    26    37    33    37    42    42    48    40    32    32    36    37    34    31    30    28    31    38    33    31    38    44    39
 1953    14    23    30    38    39    35    35    29    32    34    34    32    35    33    22    15    20    40    35    43    32    35    42    38    34    40    38    32
 1954    42    42    39    45    38    32    39    48    49    40    30    21    48    58    51    44    44    53    54    51    45    37    39    48    41    36    39    39
 1955    25    28    22    25    32    28    25    35    34    24     5     7    23    29    39    35    35    36    38    36    24    24    30    27    38    37    30    33
 1956    22    23    18    28    32    40    38    35    38    38    32    31    40    34    23    29    29    31    32    25    20    25    33    37    35    27    21    26
 1957    30    28    28    31    35    40    38    35    40    36    32    43    46    35    38    34    33    31    24    35    34    30    28    55    48    40    36    46
 1958    20    16    28    33    32    28    11     8     8    11    11    18    22    22    16     2     9    16    22    30    37    36    52    49    53    58    53    38
 1959    11    15    27    16    17    15    37    23    22    22    22    39    36    33    29    29    25    19     6    23    36    38    34    31    30    34    39    40
 1960    35    31    36    40    38    33    30    44    33    28    24    27    32    33    40    44    35    26    23    21    21    29    29    29    27    26    30    24
 1961    23    17    23    31    32    36    41    42    45    47    56    45    44    47    42    42    45    32    22    39    46    46    39    38    34    42    43    46
 1962    18    31    44    46    39     4    20    18    22    23    36    36    35    35    32    34    31    26    25    25    23    22    25    22    31    27    12     3
 1963    30    37     8    43    43    41    36    26    22    24    20    20    23    19    18    33    40    37    34    30    -1    16    27    25    21    14    26    28
 1964    41    35    40    53    53    40    28    32    31    34    40    38    36    45    38    40    46    47    35    31    27    42    38    40    37    21    39    47
 1965     5    -1     4     8    43    42    43    28    33    37    23    22    20    33    31    29    38    39    31    45    33     5     7    18    18    25    47    48
 1966    23    26    25    19    23    34    41    47    53    55    43    46    41    27    35    33    17    13     6    10    17    28    25    40    36    39    43    45
 1967    23    20    28    37    26    16    18    31    38    37    14    10    45    50    38    14    21    26    30    17    30    27    16     1    15    39    35    30
 1968    37    34    40    44    46    37    26    39    33    11    15    14    18    30    29    29    19    25    22    21    17    25    32    35    38    35    33    31
 1969    19    24    14    34    28    24    29    31    30    37    33    19    26    25    31    32    35    31    27    34    35    36    40    40    39    35    36    35
 1970    40    36    -8    28    35    41    38    36    31    31    30    22    16    13    22    29    40    40    17    19    41    45    41    41    30    39    27    32
 1971    -1    12    23    24    23    15     3     0     5    26    29    28    16    26    36    38    46    39    37    36    29    28    36    35    46    45    35    32
 1972    23    25    16     1    12     8     0     7    16    24    21    28    31    39    32    23    35    26    24    28    34    28    34    22    27    24    37    42
 1973    35    33    42    43    32    32    29    15    27    24    30    32    31    30    27     9    16    30    35    33    30    40    36    30    28    36    34    44
 1974    12    21    19    15    22    20    18    12    20    28    37    43    33    26    25    29    39    37    38    41    38    32    19    14    22    37    40    40
 1975    27    29    30    30    28    16    15     6     2    17    24    14    14    24    29    33    31    29    28    33    38    36    29    30    31    29    32    32
 1976    34     8    28    27    12    18    36    39    48    43    37    57    48    42    49    36    33    32    41    36    28    29    36    45    49    54    55    41
 1977    17    27    30    29    14     8    12    30    45    47    51    42    34    33    17    25    37    38    32    26    40    44    53    42    31    29    28    30
 1978    14     8    13    20    19    15    16    22    22    26    25    31    27    25    13    13    13    22    18    23    21    20    30    36    30    22    24    24
 1979    15    16    15     2     2    23     8     1     8    10    17    26    22    28    27    16     8    14    25    37    33    33    35    27    30    34    36    34
 1980    20    22    20    23    22    25    27    25    24    24    20    20    29    26    20    11    19    32    36    36    37    36    35    28    21    27    25    20
 1981    27    10     9     8    25    27    24    22    11     4    -2    20    36    42    50    59    62    62    56    59    48    41    32    44    38    34    42    38
 1982    17    22    13     3     0     7    22    14     3    11    16    26    26    35    40    36    34    35    33    41    40    47    43    30    29    32    36    37
 1983    25    27    22    15    23    23    20    25    28    32    32    34    39    38    38    37    40    36    50    49    42    38    36    34    33    34    44    53
 1984    43    39    37    33    14    10    25    35    46    39    37    43    38    50    53    45    39    35    37    41    46    58    49    43    44    39    33    35
 1985     3    10     8     8    20    14    12    15    19    23    22    19    19    15    10    31    37    33    31    40    40    38    35    35    34    36    34    49
 1986    29    30    30    33    31    28    25    22    12    11    13     7    11    25    21    23    31    32    35    34    23    25    27    29    30    37    35    29
 1987    42    47    38    34    42    43    46    41    38    43    44    43    40    38    27    29    34    39    43    45    45    42    43    41    44    46    43    38
 1988    20    14    17    14     7     6    19    13    14    10     7    11    19    30    23    34    34    42    40    35    27    41    37    20    26    45    43    44
 1989    47    15     7     0     8    14    24    23    27    31    35    37    34    31    32    24    27    25    23    25    28    25    19    31    44    38    26    27
 1990    42    25    33    40    45    42    42    46    37    35    43    59    57    23    29    28    25    35    29    36    44    41    38    31    18    38    37    39
 1991    33    49    45    46    50    43    46    42    44    38    27    33    34    33     9    33    37    35    34    41    46    43    32    31    24    29    30    39
 1992    36    45    46    35    39    37    33    19    24    36    31    28    32    32    35    37    37    36    34    40    33    41    39    38    33    46    44    43
 1993    39    35    40    40    36    32    30    30    32    33    31    25    29    24    20    16    10    13    22    27    26    25    15    12    19    28    27    35
 1994     9    12    11    13    16    16    -7     4     5    17    24    24    23    38    36    41    49    52    52    37    32    30    20    20    19    17    21    31
 1995    37    36    36    32    14    18    14    17    38    39    14    15    16    22    29    28    46    48    44    43    34    42    39    38    41    30    35    33
 1996    -5   -13   -13     1    11    32    46    44    46    43    35    28    38    35    29    24    27    24    43    44    42    36    40    53    52    52    32    22
 1997    36    36    35    34    29    28    28    34    28    26    23    20    25    26    21    23    46    50    47    39    37    33    27    20    38    39    38    37
 1998    33    33    29    26    31    40    41    38    34    35    36    36    34    35    46    45    44    37    44    43    40    44    49    55    54    52    46    34
 1999    37    38    42    40    43    41    39    48    48    46    57    26    31    47    55    55    31    33    33    32    35    34    37    32    36    39    42    39
 2000    28    28    35    30    32    36    36    31    45    42    30    24    26    29    41    40    28    30    30    33    46    53    55    53    61    60    50    58
 2001    11     2    23    28    29    29    26    33    33    18    19    32    33    20    23    21    10    24    33    20    17    27    25    36    44    25    23    22
 2002    28    32    31    25    30    38    43    48    46    45    38    37    44    48    46    43    43    50    50    43    33    40    52    56    53    28    25    29
 2003    36    36    36    29    20    20    13    23    19    18    27    17    32    29    26    27    30    42    42    52    52    50    22    11    16    27    36    42
 2004    22    28    28    18    28    27    26    26    25    25    29    27    26    26    23    27    31    42    42    40    36    35    37    36    37    42    42    50
 2005    37    40    45    49    51    44    38    25    25    29    44    54    51    43    43    33    28    29    34    37    35    37    37    40    40    36    35    29
 2006    43    54    54    24    30    34    37    32    29    35    33    33    41    48    44    28    19     6    19    32    31    43    41    47    47    37    38    39
 2007    19    10   -06   -04    00    05    06    08    08    07    21    24    23    17    12    16    22    24    41    39    45    46    34    30    33    32    33    35
 2008    33    28    28    33    33    31    23    30    30    26    07    15    17    26    20    30    29    31    08    09    15    25    27    37    36    35    24    26
 2009    40    34    11    14    29    41    40    38    45    50    49    38    36    31    29    35    41    41    24    31    30    21    24    41    47    39    33    24
 2010    21    26    24    32    36    33    27    25    25    25    27    28    28    25    27    32    32    34    34    33    32    33    32    21    27    29    35    36
 2011    18    17    19    27    33    31    29    20    07    12    28    37    48    43    41    47    53    52    34    35    32    26    32    32    29    18    28    28
 2012    43    34    34    43    41    37    37    31    31    31    22    33    32    32    44    44    44    42    40    41    40    45    45    38    31    49    46    35
 2013    05    15    18    20    32    32    35    30    29    37    37    35    35    37    34    22    31    39    28    21    22    30    27    34    41    40    35    33