 1893    51    41    40    44    49    36    44    43    56    62    46    50    41    32    34    43    42    45    42    34    54    59    28    24    37    27    23    16    14    20    32
 1894    31    42    40    39    40    31    36    35    28    37    25    46    33    28    38    36    35    29    51    55    56    40    45    33    47    40    35    48    40    38    37
 1895    29    39    35    44    46    45    41    30    17    18    42    23    20    26    33    43    25    46    25    22    21    32    12    31    28    40    29    21    19     6    19
 1896    36    40    35    42    40    37    24    26    43    42    49    38    30    31    42    31    29    19    22    18    15    17    18    19    30    33    40    46    44    35    28
 1897    53    55    52    50    50    38    38    40    28    45    44    34    28    65    66    42    23    38    42    44    43    44    36    46    50    42    33    34    22    30    32
 1898    40    65    52    46    37    30    37    40    35    58    45    30    36    32    30    31    39    36    36    25    36    30    27    36    29    23    36    34    36    36    22
 1899    40    44    45    44    32    36    42    34    47    49    50    61    54    38    52    39    30    33    33    27    42    58    67    64    47    23    30    32    40    38    40
 1900    50    57    65    65    63    52    44    30    33    40    42    35    37    38    42    38    29    38    46    48    58    53    52    40    53    51    52    58    56    53    47
 1901    45    40    36    28    34    35    53    58    52    46    48    43    40    43    33    30    31    31    40    31    42    39    45    46    38    45    30   -99   -99   -99   -99
 1902    35    47    32    39    35    42    43    44    42    40    47    46    33    28    36    47    42    38    40    48    42    38    55    50    53    47    37    34    32    40    32
 1903    54    55    60    43    31    41    44    42    33    33    38    37    33    39    50    42    36    29    35    42    36    42    30    24    33    27    23    32    38    37    40
 1904    48    48    46    39    35    27    56    55    54    54    52    39    44    43    48    55    48    53    41    39    38    28    41    32    28    23    34    36    34    33    32
 1905    50    43    55    52    50    49    59    56    57    42    32    32    40    52    43    43    38    32    32    28    32    32    31    25    38    27    19    16    22    20    22
 1906   -99    39    41    52    43    34    42    42    33    28    28    31    47    47    46    45    46    45    37    42    50    48    47    37    34    47    38    32    34    37    19
 1907    48    47    59    42    42    53    45    32    43    38    39    30    23    29    42    39    46    31    29    32    24    39    28    36    32    27    26    18    42    42    42
 1908    31    32    42    39    46    53    41    32    30    41    31    26    46    48    59    60    58    49    45    57    58    39    37    40    37    38    40    41    32    27    24
 1909    35    46    50    39    38    48    51    52    53    49    33    24    25    35    29    28    31    20    31    40    32    38    26    34    39    25    14    13    30    51    54
 1910    45    46    48    45    50    34    42    44    37    40    46    45    45    48    43    55    50    53    40    38    39    32    28    41    36    41    33    28    18    29    25
 1911    48    50    52    42    37    42    39    30    35    46    37    36    51    49    42    53    49    46    41    31    28    24    30    26    34    29    23    21    29    31    26
 1912    33    40    55    37    48    48    38    37    48    48    47    38    37    39    32    33    45    47    36    36    41    32    21    28    35    29    37    45    40    28    25
 1913    52    47    39    60    59    56    45    41    62    53    39    47    41    60    45    44    40    31    34    29    20    31    28    38    34    34    24    29    33    27    21
 1914    50    46    45    49    60    50    62    58    52    37    50    43    42    47    37    35    34    47    54    53    43    53    46    34    26    30    19    38    40    26    41
 1915    50    48    44    44    40    42    35    33    20    37    54    52    50    33    40    46    52    49    44    40    32    34    41    42    42    37    26    35    30    28    42
 1916    41    49    51    52    53    34    35    51    38    24    25    36    41    36    42    35    27    30    30    33    24    24    32    26    26    27    32    36    40    26    26
 1917    30    31    48    44    43    32    32    32    33    35    33    29    16    16    42    27    28    40    28    27    23    24    27    18    19    33    29    25    26    18    18
 1918    29    38    31    49    54    45    40    47    35    47    51    54    47    31    50    42    55    49    41    46    29    42    49    43    35    34    44    39    37    30    32
 1919    52    66    59    57    55    41    47    47    57    36    26    32    38    46    42    37    25    43    42    43    36    31    49    48    32    31    36    22    23    39    32
 1920    24    26    34    33    30    30    34    47    35    52    45    56    43    63    58    55    43    49    61    63    55    55    51    35    27    27    38    29    15    25    40
 1921    45    48    36    28    41    34    34    28    31    33    38    32    40    48    50    44    50    43    44    38    34    44    32    39    49    45    45    42    51    52    53
 1922    52    52    52    65    61    51    44    45    31    30    41    31    36    41    29    31    27    21    29    31    32    44    38    41    41    38    29    44    54    39    51
 1923    50    43    37    40    30    31    32    36    41    39    45    49    36    34    30    52    56    42    32    28    18    21    24    23    40    38    33    33    26    17    21
 1924    36    51    53    50    39    40    35    46    51    35    45    52    39    35    45    39    41    55    54    37    32    22    24    27    44    38    28    37    46    52    41
 1925    48    46    51    52    30    28    35    36    29    19    37    42    44    44    35    31    19    28    27    25    18    17    29    30    24    21    16    11    -4    -7    16
 1926   -99   -99   -99   -99   -99   -99   -99   -99   -99   -99   -99   -99   -99   -99   -99   -99   -99   -99   -99   -99   -99   -99   -99   -99   -99   -99   -99   -99   -99   -99   -99
 1927    44    52    41    38    50    42    39    35    38    33    45    36    36    24    38    28    25    25    29    36    34    47    41    38    41    46    53    46    50    55    38
 1928    46    30    40    60    40    48    32    49    44    47    64    53    50    45    53    63    53    52    40    43    45    30    35    33    30    25    35    28    20    23    32
 1929    33    37    40    28    34    52    33    27    42    40    45    43    29    29    51    45    30    40    50    39    32    30    27    31    27    27    35    33    32    37    40
 1930   -99   -99   -99   -99   -99   -99   -99   -99   -99   -99   -99   -99   -99    44    48    33    25    23    17    15    19    12    24    25    32    31    41    36    24    24    17
 1931    43    47    60    62    45    55    53    47    37    54    48    30    45    49    48    42    32    30    44    46    42    62    58    49    40    42    46    38    36    40    40
 1932    49    39    47    40    35    27    43    49    35    31    35    30    24    43    56    34    40    50    54    36    22    28    45    41    33    34    32    32    32    27    32
 1933    43    32    45    43    29    48    35    41    43    30    34    33    20    43    53    44    32    26    36    28    30    29    26    34    20    35    26    28    30    52    52
 1934    43    32    45    43    29    48    35    41    43    30    34    33    20    43    53    44    32    26    36    28    30    29    26    34    20    35    26    28    30    52    52
 1935    35    32    33    21    23    15    26    39    40    29    38    41    59    42    38    54    44    37    45    40    41    34    28    28    32    43    45    40    32    51    30
 1936    40    27    35    53    58    52    47    34    42    47    34    37    35    41    48    47    39    39    44    41    34    26    17    28    34    26    18    28    35    22    42
 1937    58    50    57    57    60    40    32    26    44    37    38    36    21    21    18    32    41    43    43    39    34    31    20    33    28    40    30    30    41    37    32
 1938    42    50    56    60    52    47    45    53    48    59    60    58    39    53    47    57     7    46    35    33    33    33    31    27    28    45    30    38    37    31    32
 1939    31    41    52    42    50    40    50    50    54    45    43    32    37    24    33    35    20    35    45    35    40    35    41    36    43    53    35    23    34    28    25
 1940    34    30    42    54    45    53    40    30    28    41    43    44    36    39    30    26    34    33    34    32    33    46    37    37    36    44    38    50    45    29    31
 1941    36    39    46    40    53    48    44    32    48    35    35    31    50    45    32    27    34    47    49    54    53    45    35    30    29    42    33    18    24    39    38
 1942    43    42    47    53    40    37    32    45    34    30    30    31    34    33    30    31    35    30    37    37    34    32    26    25    23    16    14    24    44    39    29
 1943    55    32    32    29    31    32    32    33    34    42    39    57    40    31    31    32    19    25    23    46    40    24    25    32    35    26    19    18    28    22    38
 1944    52    44    45    51    55    46    44    46    31    34    29    26    30    31    22    23    36    39    37    32    31    18    41    32    33    23    22    32    25    29    48
 1945    40    41    24    45    48    45    32    28    22    29    28    28    20    31    18    29    45    46    37    33    35    23    26    34    32    24    23    26    32    26    15
 1946    28    38    49    48    58    56    47    48    50    52    39    25    25    39    35    43    36    35    35    26    44    45    31    45    31    39    40    44    52    38    26
 1947    34    43    49    55    46    58    60    40    34    38    34    48    30    44    47    50    41    44    27    39    42    55    45    43    50    50    50    45    44    44    46
 1948    58    31    24    26    28    53    50    45    38    28    44    41    59    30    31    39    21    18    28    24    30    44    38    24    36    35    32    33    35    34    37
 1949    55    49    43    46    36    54    50    68    59    60    48    28    42    50    24    34    34    38    56    54    42    30    34    24    29    16    34    33    38    16    15
 1950    63    51    34    30    28    45    58    46    36    37    45    37    42    38    42    58    49    61    54    34    39    42    39    42    24    38    31    37    37    37    41
 1951    50    53    60    55    51    46    40    26    41    42    38    39    52    56    36    46    42    38    28    39    44    40    37    28    40    39    27    29    31    35    25
 1952    48    35    24    35    23    21    35    25    27    22    32    30    29    26    19    21    23    15    24    13    17    40    23    22    32    30    26    30    10    26    27
 1953    35    54    63    35    30    42    26    40    32    34    35    32    38    45    43    41    63    54    55    50    45    58    48    43    29    38    20    32    21    38    41
 1954    39    51    58    55    43    42    28    43    52    56    57    50    41    44    38    39    29    26    24    23    31    32    35    31    35    39    31    32    32    22    18
 1955    30    47    52    53    61    57    48    32    52    50    51    49    29    40    30    24    42    29    25    40    30    28    40    28    26    33    33    35    34    31    28
 1956    38    38    35    40    31    54    35    37    26    23    45    53    65    58    40    45    42    43    49    43    41    39    35    40    53    34    43    42    44    55    49
 1957    37    35    37    33    32    33    33    52    44    26    25    34    32    38    56    54    41    27    23    23    44    51    48    37    23    29    17    20    34    37    27
 1958    26    35    47    49    30    45    60    50    49    37    29    30    51    54    45    53    29    29    32    56    57    34    31    40    44    39    44    26    22    22    21
 1959    37    50    47    38    51    45    45    38    35    45    33    29    35    33    31    47    25    30    33    34    33    42    51    41    31    33    32    31    38    36    43
 1960    35    43    32    34    54    40    32    32    34    35    45    51    53    57    48    31    30    30    30    28    18    36    33    19    37    35    27    36    47    49    43
 1961    35    30    37    31    41    46    53    50    57    54    55    40    48    35    38    37    49    36    35    30    31    41    37    34    30    26    26    50    52    42    38
 1962    54    51    52    52    47    45    55    55    47    46    65    53    51    62    65    43    35    40    46    48    32    46    33    23    25    16    30    39    26    41    36
 1963    47    48    39    37    47    59    53    41    39    43    56    35    32    39    60    56    57    52    49    56    58    61    53    62    53    49    44    30    28    33    40
 1964    55    50    43    41    32    32    32    42    24    18    28    36    35    34    36    38    43    32    26    27    43    22    37    26    42    38    47    35    33    27    37
 1965    41    46    39    34    41    55    50    49    48    32    38    32    25    38    32    53    55    60    54    54    46    28    42    23    36    37    28    22    30    36    44
 1966    31    33    52    41    34    27    51    58    56    42    34    33    47    56    39    30    28    36    37    26    49    44    27    20    19    29    49    35    30    25    37
 1967    40    53    57    61    39    46    47    44    39    33    35    28    55    36    48    37    31    40    24    37    23    37    56    46    37    28    27    18    37    36    32
 1968    63    50    39    27    29    42    32    52    50    33    47    48    60    64    69    68    52    42    35    32    39    47    36    35    24    25    39    35    28    30    40
 1969    55    60    47    55    63    45    40    42    39    47    43    40    37    28    28    36    30    27    40    45    30    27    18    35    35    34    25    16    20    33    40
 1970    40    46    41    30    53    62    61    60    47    31    40    46    39    35    30    24    34    33    29    40    44    48    53    55    49    52    47    35    35    38    32
 1971    69    68    48    42    51    42    32    40    41    35    37    32    38    41    39    47    50    59    59    49    50    56    53    50    50    59    52    32    42    49    29
 1972    45    48    58    56    47    48    32    47    32    44    53    44    36    42    25    37    27    25    14    24    35    34    34    31    29    41    44    37    26    36    38
 1973    56    57    53    46    38    46    56    60    67    60    60    46    47    45    49    35    40    39    46    34    41    48    51    55    52    37    40    36    38    28    41
 1974    30    22    32    47    48    40    31    41    43    45    51    49    43    43    27    35    44    40    36    23    32    47    47    44    38    28    45    54    54    57    56
 1975    42    27    44    48    54    40    47    52    48    33    33    46    65    62    38    27    33    28    26    38    40    42    62    42    32    35    44    37    24    30    45
 1976    47    51    52    47    45    28    32    22    34    30    43    50    41    38    41    35    24    26    32    28    28    19    29    32    31    26    18    25    33    42    29
 1977    40    37    34    34    37    32    37    38    40    28    32    31    31    42    48    27    38    42    32    33    48    43    41    45    48    44    44    37    45    41    47
 1978    40    54    46    46    44    43    35    31    45    54    50    40    35    32    38    32    32    40    32    38    55    44    30    34    40    31    32    24    40    46    35
 1979    51    44    48    39    34    43    30    42    33    31    37    31    30    31    42    51    43    45    55    62    55    35    33    30    29    26    39    34    39    47    50
 1980    55    42    38    35    31    44    45    48    44    49    37    27    30    42    41    44    45    39    29    42    34    33    42    34    31    30    27    23    20    27    34
 1981    41    30    35    45    52    47    35    32    40    48    36    44    53    59    45    34    47    38    25    46    39    24    22    19    31    24    34    36    45    48    51
 1982    55    53    45    46    50    56    41    41    50    47    44    42    43    41    47    33    32    47    49    31    25    22    31    36    36    38    44    50    42    41    41
 1983    56    62    59    52    44    42    46    45    34    45    50    36    28    37    41    42    35    38    45    42    41    46    40    34    34    39    38    52    31    35    43
 1984    36    46    47    39    53    59    58    59    56    59    60    59    57    53    54    42    35    46    41    37    38    32    27    33    41    43    55    31    26    31    27
 1985    32    35    46    44    42    32    38    53    34    34    32    44    40    46    36    29    46    50    46    44    48    52    57    48    36    46    37    38    38    43    36
 1986    43    43    58    46    39    30    39    52    44    32    44    41    34    34    28    37    34    28    30    43    43    45    48    51    47    43    32    38    46    30    48
 1987    42    40    25    39    52    44    34    24    36    36    17    26    27    50    50    53    43    35    27    28    29    35    36    33    22    26    26    23    32    31    38
 1988    59    43    31    33    26    26    26    32    37    45    34    21    22    38    40    47    43    32    29    33    40    24    36    31    26    19    40    28    21    11    22
 1989    44    42    29    21    46    36    26    26    26    33    36    33    36    44    53    46    35    26    26    23    25    25    41    37    47    55    56    56    58    40    33
 1990    47    36    53    41    46    62    45    38    39    37    27    39    29    47    33    37    53    34    25    39    39    23    40    38    24    28    39    25    27    38    34
 1991    35    55    39    39    39    35    25    42    36    29    44    38    30    40    28    40    53    32    19    25    42    40    49    48    40    41    42    46    34    24    26
 1992    42    45    45    44    45    43    54    49    36    40    33    45    40    40    40    35    20    20    17    31    32    46    60    37    31    36    23    30    26    18    31
 1993    46    28    36    43    28    50    62    47    30    24    29    35    24    33    41    52    45    34    44    40    33    25    33    38    38    38    37    39    28    28    19
 1994    54    46    46    49    50    50    58    49    40    29    31    29    31    31    56    56    58    63    47    41    37    47    40    36    37    36    33    50    48    29    29
 1995    51    43    45    37    47    48    42    31    42    36    39    56    56    41    30    26    51    33    50    39    35    26    35    37    26    26    45    41    31    27    33
 1996    51    49    27    32    41    56    39    27    43    37    27    47    42    39    51    43    46    36    24    42    46    37    38    34    35    51    44    26    34    27    20
 1997    37    50    56    48    48    46    58    68    49    36    36    64    42    30    29    29    30    35    42    27    27    21    38    42    34    32    19    27    24    34    34
 1998    37    38    46    50    54    53    48    40    35    38    38    42    33    31    49    58    63    42    38    30    30    27    35    43    53    42    57    43    49    51    42
 1999    32    34    34    26    41    29    46    54    37    42    33    46    44    29    39    49    33    27    29    34    36    41    30    19    35    28    29    46    44    50    32
 2000    59    55    39    40    45    30    25    25    21    23    24    39    58    54    43    33    44    36    37    55    34    45    44    58    58    60    47    44    40    47    38
 2001    47    41    55    47    35    29    23    43    56    55    35    33    46    38    37    36    25    48    31    31    35    32    50    44    33    32    33    32    37    38    46
 2002    57    50    49    53    34    50    29    50    35    42    42    56    26    29    35    22    34    38    36    23    40    32    31    32    36    32    23    32    39    26    27
 2003    25    19    43    31    31    35    44    48    51    51    49    38    42    46    29    27    25    40    35    49    46    31    33    28    26    35    18    37    36    37    41
 2004    50    28    34    34    26    39    46    61    37    33    34    35    39    41    33    38    23    43    44    47    45    44    52    35    40    38    47    47    56    43    42
 2005    50    59    71    71    60    39    39    29    29    32    33    50    51    40    37    30    30    36    42    31    28    32    27    37    29    29    24    24    31    50    42
 2006    38    67    55    54    35    31    44    55    49    41    35    24    30    25    21    45    47    38    34    27    33    29    33    19    24    37    34    33    22    31    26
 2007    59    53    43    49    62    69    70    56    48    43    39    33    48    50    53    53    46    56    50    36    48    48    28    28    27    31    42    25    41    47    47
 2008    38    32    41    29    39    51    56    44    34    37    46    56    61    35    45    29    35    31    39    51    25    25    43    42    33    34    33    19    19    26    35
 2009    46    45    44    39    36    46    34    41    36    25    20    33    24    34    36    28    26    25    44    42    50    38    36    33    43    38    25    31    50    49    35
 2010    39    42    29    29    31    38    35    38    49    44    45    44    41    31    33    34    31    37    29    31    30    26    43    56    54    42    40    35    20    40    24
 2011    30    29    37    40    44    42    56    52    49    43    49    48    54    43    39    40    33    29    39    37    24    30    29    29    39    42    34    23    21    21    40
 2012    42    46    39    49    31    32    25    32    44    28    39    23    40    47    32    43    42    43    36    28    34    48    58    62    41    28    26    20    20    22    23