 1893     4     9     0    -9   -10    -9    15    23    20    29    30    29    12     5     7    12     8    10    29    33    34    23    31    22    19    24    22    27    33    39    34
 1894    32    24    38    38    32    21    29    19    32    38    30    29    36    24    34    23    39    44    37    36    44    39    25    10     3     7     8     7     7    27    37
 1895    21    18    17     7    18     6     5    11    17     9     9    25     2    -4     9     7    10    19    21    19    20    29    38    33    24    32    32    31    36    31    31
 1896    19    12    21    19    24    25    24     7    25    22     7    -7    -6    -8    12    16    15    20    20    11    31    11    14    21    40    27    25    38    44    28    38
 1897    12    10     3    -4    28    22    12    27    18    10    15    10     2    -5    -3     5    33    32    33    32    26    30    31    27    21    22    21    28    32    38    42
 1898    22    26    28     8    20    30    31    29    35    22    29    31    30    31    43    35    26    35    34    25    25    18    12    33    41    45    28    12    17    18    21
 1899    -7    12    23    15     2    -9   -15     8    14    31    33    13     5    22    23    15    22    18     9     2    12    13     2    -1    27     8     6    11     5     2    13
 1900     4    17     3    10    11    10    -6    12    18    22    22    29    21     4    -1    -9     2    12    15     8    31    25    22    21    29    26    19    28    25    27    22
 1901    15    28    34     8    -4     4    12    30    30    23    15    25    33    16    13    12    23    29    24    14    14     9    33    39    30    32    28    21    18    26     7
 1902    20    15    17    24    23    30    34    32    33    42    39    33    25    35    30     4    -5     7    25    33    32    34    37    39    43    38    40    49    34    29    31
 1903     7    18    28    32    32    34    32    24    29    36    36    37    33    32    31    35    37    36    39    28    23    28    32    27    17    30    28    25    23    27    32
 1904    29    12     2    11    22    29    23    21    28    32    27    26    20    21    20    19    29    31    28    22    30    33    27    41    18     9    10    29    33    38    37
 1905    29    32    30    29    28    22    28    22    23    15     4    17    19    18    23    24    33    35    26    26    31    35    39    30    41    35    42    37    39    30    50
 1906    28    34    22    18     4    20    38    27    28    18     5     3    11    10     3     3     5    14    17    11    12     5     8    20    25    34    32    33    31    27    25
 1907    19    12    13    14    18    15    22    17    18    17    30    30    23    10    30    32    28    23    22    23    23    41    40    45    36    35    42    33    35    22    19
 1908    22    23    19    20    30    32    18    11     6    20    32   -99   -99   -99   -99    25    25    27    26    13    22    32    30    30    21    35    27    26    25    27    35
 1909    20    21    26    19    28    32    26    25    28    15     0    19    11    16     7     6    -8    12    12    12    20    26    31    32    29    26    29    24    29    30    27
 1910    21    30   -99   -99    31    34    21    15    16    15    29    23    35    25    20    29    30    31    44    39    31    41    42    51    35    41    56    36    56    39    36
 1911    13    22    30    17    28    30    32    31    33    27    37    22    14    30     7     5    16     9    30    33    29    33    20    18    37    43    18    14    19    24    21
 1912   -10    -5     4    12    -5    -2    23    15    -3    -3    20     4     0    22     6     9    33    20    25    14     6    -2     5    20    17    30    22    25    29    23    32
 1913   -11   -15    14     5    12    -4    10    25    33    27    28    35    41    25    17     7     7    30    42    17    13     2    25    30    23    17    17    25    39    38    37
 1914    -1     9    21    19    34    32    27    26    15    21    16    22    25    35    30    36    22    15    16    15    19    19    19    20    36    33    33    37    38    38    39
 1915     2    18    13    17    23    26    27     9     3    14    20    14    15    20    29    27    20    23    25    15    20    29    22    34    26    16    13    24    17    13    18
 1916    14    11     2     3    13    18    14     9    14    11    12    26    27    23    15    21    20    24    19    32    26    27    -2    31    36    33    30    25    27    36    40
 1917    -5    -4     3     0    -3    -2    13    26    15    17    33    30    27    19     9    10    22    11     6    20    25    25    34    27    28    30    28    23    26    26    32
 1918    17    19    19    22    36    20    15    21    24     2     3    28    34    27    15    15    22    30    33    37    37    30    25    23    26    28    24    25    25    27    28
 1919    -5    -3     6    12     1     4    11    27    22    26    19    34    30    28    32    34    29    28    44    35    22    21    27    28    42    28    24    21    32    34    27
 1920    12     4    23    12    -5    -4    -8    12    12    21    36    24    14    25    40    23    13    27    30    29    24    32    46    49    42    35    30    42    25    33    43
 1921    27    34    15    28    28    32    32    30    11    30    36    32    31    30    35    23    38    33    54    40    25    20    24    38    31    36    22     7    21    33    28
 1922     5     2    12    24    30    22    23    18    32    24    27    33    39    31    24    34    31    31    28    28    24    20    30    32    21    24    30    24    28    28    25
 1923    22    34    32     4    -6    22     6     7    29    19    26    31    21     6    19     0    11     0   -14     6    26    22     7    12     9     5    19     5    21     7     2
 1924    20    33    25    22    12    16     9     4    15    12    21    26    23    14    10     3    21    21     9    20    25    20    31    30    29    29    26    26    18    13     8
 1925     0    -4    16    19    28    28    32    28    31    23    17    25    21    11    -3    29    24    27    29    24    32    21    36    36    35    44    39    21    25    28    24
 1926     9    -1     7     8    12    22     2    -1    15    20    11    10    -4    15    22    17    17    26    34    29    30    30    27    38    23    18    14    14    15    21    23
 1927    20    15    10    28    33    32    38    29    32    37    35    36    35    32    35    41    31    26    25    24    28    12    32    30    30    27    15    27    38    29    28
 1928    25    25    10    13     6    22    23    26    20    16    30    32    30    28    21    21    18    19    25    24    24    36    32    45    31    26    19    24    26    26    32
 1929    15    10    29    28     7    15     1    15     0     0    32    40    40    33    28    28    26    34    33    21    32    31    28    34    33    23    35    29    44    32    24
 1930    14    -2    12    13    20    21    30    20    23    24    28    25    27    23    32    39    31    25    16    23     9    25    32    27    22    20    21    21    24    15    24
 1931    12    17    20    12    20    22    21    22    19    18    11    17    32    29    19    20    22    30    25    28    30    31    34    32    27    28    25    21    18     5    15
 1932    26    27    32    26     2    -5    -5    -5     5    -4    -5     0    14     5    12    25    19    20    18     9    21    12    12    20    22    34    27    26    37    31    26
 1933    29    22    24    18    26    30    30    25     5     0    20    23    43    28    18    26    26    25    18    17    21    14    20    19    28    18    30    16    34    34    40
 1934    25    22    24    18    26    30    34    25     5     0    20    23    43    28    18    26    26    25    18    17    21    14    20    19    28    18    30    16    34    34    40
 1935    15    26    19    31    29    19    17    11    23    26    21    13    21    21    38    25    17    28    38    32    36    42    39    28    43    38    36    28    28    26    19
 1936    20    23    27    19     9     1    24    26    28    39    32    22    15    23    30    28    21    28    33    25    33    37    45    34    28    34    28    25    27    20    15
 1937    10    13    17    31    28    29    30    21     5    13    20    22    22    13    24    14    26    25    23    29    25    28    29    21     8     5    15    20    19    25    27
 1938    22    32    18    20    21     4    15    13    19    19    26    29    35    26    30    33    27    39    38    29    48    42    34    35    45    28    31    34    40    38    29
 1939    -1    13    22    33    22    10     5    15    17    22    32    31    26    32     8     6     4     2    23    27    30    28    30    42    43    43    25    25    23    26    30
 1940    27    24    29    26    28    21    17    13    15    14    17    19    20    11    -1     6    23    33    25    14    18     2     0     3    -2    20    25    32    35    30    30
 1941    10    29    19     8     7    18    18    20    30    29    26    13    -3    -2    26     1    -7    -9    20    23    27    20    30    29    22    28    30    32    20    35    33
 1942    12    25    16    28    25    24    29    27    26    20    30    18    25    27    31    31    32    31    23    32    31    26    21    42    44    34    24    21    24    28    29
 1943     0   -11   -10    21     3     6    -6   -15    13    18   -19     0    18    35    33    14     6    12    16     6     0    -3    24    35    32    35    28    26    31    55    48
 1944    14    31    32    28    21    18     9     1    -4    -3    31    15    12    27    28    28    21    16     9    11    17    27    30    28    25    17    25    17    18    18    14
 1945    21    22     3     0    18    13   -11     0     9    15    27    12    24    41    41    44    38    34    35    31    21    27    38    37    57    51    48    43    34    32    30
 1946    32    22    22    31    26    30    20    21    -7    -6     2    40    42    32    42    43    39    36    26    19    40    40    32    27    38    42    26    29    33    39    32
 1947    16    17    16     9    10    12    16    18    24    22    28    34    28    15    14     9    12    10    10    17    28    21    29    31    18    15    14    27    25    16    30
 1948    21    16    -3     1     2    18     7     5    -4   -10   -26   -22   -13    24    28    29    21    27    36    24    32    19    20    23    32    37    23    14    26    17    32
 1949    -1    21    30    34    30    21    17    34    17    16    14     8    16    12     3    14     8    14     8    30    40    28    24    34    36    40    38    26    36    34    30
 1950     4    -9    -7    14    28    25    38     5     2     9    12    -5    -9   -14    -1    22    24    -2    17    24    31    18    34    31    35    35    36    27    20    25    29
 1951    15    14    19     4    16    31     8     8    -2    23    26    23    21    21    12    -6     6    14     3     2    -4     0    22     4     5    27    40    35    34    27    30
 1952     8    25    26     5     1    14    15    25    30    32    22    29    29    26    17    19    19    33    32    25    30    25    18     1     1     7     9    20    25    42    40
 1953     9    21    24     8    11    10     7    11    10    29    39    37    29    30    29    22    23    36    28    26    45    34    34    25    27    18    20    33    19    36    36
 1954    15    24     6     6     4    10    21    12    31    13    31    25    19    12    15    14    25    38    36    24    15    27    21    33    34    23    25    22    17    16    19
 1955    21    17    27    31    12     5    -6    11    26    27    32    34    20    36    27    17    15    13    31    25    21    13     5    10     7     1    12     3    16    33    29
 1956    20    25    24    20    24    34    18     7    14    18    10    -5     7    19    10     7    28    22    19    18    30    17    27    17    31    25    32    32    22    25    18
 1957    26     7     4    19    29    18     6     0    24    18    30    33    33    32    19    21    20    29    25     5    23    27    24    30    28    24    21    33    23    20    34
 1958    26    25    28    25    21    14    19    19    23    19    18    18    23    28    23    22    28    24    20    24    17    16    18    18    22    19    23    27    20    23    22
 1959     5    31    24     1    23    21     5    21    28     8    24    15    20    20    22     0   -10    -7    40    18    12     4    30    28    35    32    22    17    20    26    34
 1960    -5    -3    12     0   -14    -8   -14    -3    18    -5    20    10    14    -9     1    22    18    10    12    22     5    15    12    12     6     6    32    30    36    38    27
 1961    27    28    29    32    25    25    22    26    25     7    29    13    29    29    29     7     6    22    24    18    32    32    32    26    33    47    37    32    22    20    29
 1962   -33   -17     9    17    14    -8    24    30    29    30    32    31    23    18    19    24    10     9    30    25    30    16    20    19    28    20    27    45    33    29    20
 1963    -9    28    13    33    24    14    13    13     0     3    21    33    29    15    26    36    34    32    31    28    20    17    29    48    36    34    30    31    57    28    31
 1964    34    32    34    31    20    23    13    23    20    10    23    26    34    32    23    29    13     9    28    28    28    15    30    23    18    13    -3    -3     2     2    21
 1965    35    20    18    24    32    27    25    18    21    10    14     5    15    21    19    23    27     5     1   -14   -10    11    10     0    11     0     6    28    25    12    28
 1966    26    29    40    22    17    13    13    27    25    41    43    39    25    24    31    39    53    39    30    25    30    41    23    12     8    15    17    17    33    30    31
 1967     9    30    23    20    20    11     2    -1    22    31    31    27    30    30    26    18     8     3    28    29    32    12    19    36    43    39    35    39    32    55    46
 1968    18    19     8    19    27    20    27    35    37    27    18    15    10    29    26    27    27    47    43    28    17    14    18    21    42    29    53    38    40    27    43
 1969    12    18    20    12    14    25    23     3     2    15    -1    -3    12     7     5    10    22    26    23    34    21    20    34    33    28    19    16    19     0     2     5
 1970    26    30    35    24    20    28    26    22    17    23    16    18    14    20    11    10    13    18    25    32    19    20    28    20    32    28    20     8    17    24    21
 1971    12     7     1    -2    26    27    15     7     5    22    20    31    30    37    27    20    10    32    28    17    20    19    10     2     6    12    33    37    25    26    40
 1972     6   -10     3     7    -9     3    15     5    13    12    25    29    32    23    23    35    31    25    33    32    36    30    19    15    23    29    27    29    26    22    27
 1973    39    35    36    29    32    33    35    31    27    33    37    35    41    39    39    32    20    20    24    29    22    26    35    40    39    35    33    42    35    32    36
 1974    16    34    36    33    31    28    31    32    36    25    32    27    25    25    27    25    20    27    19    19     8    18    -2   -10     9    25    27    30    31    30    28
 1975     0    -1     1    -4    18    12    20     5   -13    10    12    11    -6    -8    11    11    27    35    23    30    34    30    22    29    15    14    23    29    11     8    17
 1976    23    26    18    18    13     2    21     8    27    25    15    25    15    29    17    17    13    35    39    44    19    15    34    45    28    42    35    29    40    34    34
 1977    11    17    28    30    17    18    20    33    38    39    37    45    40    41    40    32    28    28    27    29    27    21    25    27    30    49    47    49    42    39    29
 1978    -4     8     6   -13    -4    17     6     5    10    15    29    28    29    30    23    16    11     5    29    20    32    34    28    17    20    26    27    26    27    26    47
 1979    29    28    30    27    24    13    25    23    13    -1    -2    10    25    14    -3    18    35    34    37    33    33    32    31    18     9    12     8    29    31    34    32
 1980    -3    -4    11    20     0     2     2     9    13    12     3    18    21     7    25    37    21    25    40    35    24    21    25    25    20    24    31    29    33    30    34
 1981    26    19    15    25    22    19    16    15    26    29    20    32    27    22    37    21    30    22    22    23    21    26    26    29    32    31    29    40    43    43    38
 1982    20    20     8    16     8     2    -2    -1    -3    15    26    26    32    25    32    32    32    33    30    30    28    25    27    32    25    20    10    24    32    44    37
 1983    35    29    42    47    46    51    32    21    21    21    24    22    28    32    30    32    33    33    29    21    18     9    15    18    23    28    27    29    22    31    37
 1984    20    16    14    24    17    -1     3    12    -8    -5     0     7    19    26    31    26    21    16    24    27    29    29    22    26    28    29    33    31    25    29    25
 1985    31    24    24    22    12     8    25    27    27    33    33    29    32    29    26    33    29    26    32    33    28    27    32    32    33    34    40    37    34    30    26
 1986     4    26    32    28    28    16    -4     3    30    21    23    27    33    33    32    22    34    40    12     8    20    23    22    25    53    24    24    45    45    44    51
 1987    31    14    15    21    26    27    36    32    22    15    23    30    33    33    30    29    32    35    37    28    36    27    44    50    44    38    36    33    24    14    13
 1988    19    26    15     8    13    25    24    37    35    22    32    30    14    14    16    18    23    26    20    22    26    31    32    31    38    25    20    44    34    22    28
 1989     4     3     9    16     5     3    -2    16    15    33    26    33    32    34    17    23    15     6     4    27    11    20    35    34    35    40    54    50    40    37    30
 1990    20    26    17    23    25    24    24    32    34    32    40    55    40    55    39    35    33    27    15    18    32    36    15    20    22    21    17    25    35    37    28
 1991    29    24    10    12    25    24    14    23    22    39    46    29    28    23    16    28    33    35    24    27    38    37    33    34    29    52    38    24    20    15    31
 1992    34    31    33    35    40    48    42    35    23    10    10     0     7    21    11    17    29    26    23    28    25    11    16    23    36    28    18    26    32    33    28
 1993    13    27    34    29    22    23    29    34    28    28    13    -5    -1   -10    -3    25     2    -2    25    30    26    29    29    33    33    25    29    26    23    33    34
 1994     5     7    16    31    24    34    22    19    18    19    12    28    24    26    32    18    22    30    25    38    35    28    36    28    21    33    26    30    21    19    23
 1995     1    -3    11    13    28    25    16    -5   -12    24    40    49    54    42    33    30    36    29    36    37    33    23    34    24    38    36    36    33    29    32    30
 1996     9     2    -2     7    20    11    -4    -7    -1     8    31    34    28    29    23    21    32    20    20    24    13    15    17    37    15     1    13    19    25    36    26
 1997    31    20    22    26    18     9    13    15    35    29    32    28    27    18    -3    -4    32    27    16    26    32    34    28    28    33    24    30    41    37    34    22
 1998    24    28    28    19    19    25    19    29    17     5     5     0    13    12   -12   -20    27    32    30    26    17    25    31    19    38    46    61    48    45    52    40
 1999    29    29    19    14    27    16     9    21    25    16    21    14    15    16    20    31    42    28    20    23    29    19    19    26    18    19    19    40    19    30    51
 2000    34    21    18    28    28    29    50    46    28    23    15    20    31    24    36    19    16    28    28    33    38    38    40    49    38    25    32    29    22    22    27
 2001    12    25    12    12    15     7    13    13    16    13    15    29    27    23    27    27    25    12    18    17    28    23    26    12    12     9    11    19    33    34    28
 2002     9    14    -4   -11     5    19    23    31    18     6    20    19    31    33    29    17    31    32    28    27     9    12    16    25    15    16    19    38    31    31    28
 2003    13     7     4    10     0    13    20    13    -7    -7    13    25    25    31    28    37    36    42    35    37    34    37    25    49    26    29    40    33    27    17    20
 2004    41    34    31    34    34    29    33    20    29    28    11     9    20    29    20    20    30    32    22    35    21    13    29    44    49    54    50    46    36    31    26
 2005    14     8     6    18    30    27    29    17    13    25    26    12    12    18    13    21    22    28    25    17    15    25    29    24    30    27    23    26    40    52    38
 2006    30    29    19    17    28    27    31    28    35    25    37    25    28    16    13    16    15    15    17    30    24    18    28    27    33    21    33    35    25    42    41
 2007    30    23    13   -03    13   -02    18    17    26    21    12    38    32    28    23    27    16    17    28    21    40    35    28    42    56    46    48    45    43    46    45
 2008    07    25    16    05    21    00    03   -11    16    09    16    24    30    31    23    23    29    33    29    24    29    24    25    16    35    22    32    20    19    37    37
 2009    06    06    11    23    34    28    24    30    31    35    03    00    18    19    22    28    41    28    26    21    34    28    45    48    32    23    20    19    22    23    38
 2010    18    09    08    09    09    11    34    32    32    39    37    34    39    39    29    38    32    30    33    27    20    19    26    32    31    19    36    29    22    38    55
 2011    10    05    19    33    29    12    29    30    31    29    18    21    17    15    18    22    44    33    21    40    35    35    28    18    22    21    17    17    25    19    22
 2012    32    27    23    14    15    28    39    25    29    29    34    49    28    38    38    40    58    60    62    56    60    58    54    56    44    38    38    41    34    38    40
 2013    22    01    04    23    24    20   -04    11    31    33    29    16    15    15    22    24    15    23    09    07    01    04    15    29    23    22    18    19    23    31    27