 1893   -99   -99   -99   -99   -99   -99   -99   -99   -99   -99   -99   -99   -99   -99   -99   -99   -99    88    91    90    86    79    80    81    79    80    82    85    86    81
 1894    80    84    83    78    62    71    84    88    85    85    93    92    93    93    87    83    74    78    81    93   100    87    86    84    82    83    87    85    91    92
 1895    93    89    88    75    70    84    85    89    89    76    80    81    71    79    84    87    84    76    78    81    78    79    80    84    81    73    82    69    78    82
 1896    76    71    76    75    82    87    86    67    62    76    64    67    78    80    84    81    85    85    84    86    85    86    86    85    86    87    83    75    79    87
 1897    57    74    67    71    72    60    64    66    73    72    75    85    92    95    92    90    94    87    87    78    76    87    77    78    77    72    75    87    87    79
 1898    78    84    88    85    74    80    77    78    79    73    78    80    79    70    73    77    80    82    80    83    76    72    91    88    80    77    67    78    82    72
 1899    78    68    84    90    82    87    73    87    73    79    78    85    78    79    65    72    80    85    90    74    81    77    78    82    83    78    80    78    77    80
 1900    82    72    77    82    84    89    86    72    80    75    72    78    77    78    79    79    82    79    82    85    85    77    85    90    94    94    85    83    73    72
 1901    77    83    86    89    85    67    61    74    74    84    91    87    87    93    90    88    84    81    77    84    89    84    91    97    97    99   101    97    84    97
 1902    75    78    78    78    74    79    73    70    78    82    82    77    77    82    78    70    74    68    70    63    59    67    72    72    70    63    67    68    65    72
 1903    61    64    74    73    76    80    82    80    67    60    57    62    78    79    83    75    73    79    70    70    67    73    70    75    78    82    82    81    81    83
 1904    72    73    77    76    67    61    63    78    82    81    79    83    68    78    72    78    82    82    82    83    74    79    87    77    73    72    79    73    77    82
 1905    82    76    81    88    89    85    68    77    73    75    73    78    87    88    88    87    82    86    76    78    78    72    76    76    87    73    67    78    78    68
 1906    67    76    81    83    80    87    83    77    78    74    74    76    78    71    80    87    88    85    73    74    62    63    79    81    80    81    85    93    88    85
 1907    74    80    64    81    69    74    61    75    69    73    61    68    78    82    78    91    92    79    78    82    85    84    77    90    74    70    75    83    87    82
 1908    72    73    83    82    86    88    87    75    70    68    77    70    72    66    73    75    75    86    82    92    88    92    94    84    84    82    87    86    84    88
 1909   -99   -99   -99   -99   -99   -99   -99   -99   -99   -99   -99   -99   -99   -99   -99   -99   -99   -99   -99   -99   -99   -99   -99   -99   -99   -99   -99   -99   -99   -99
 1910    68    65    64    68    72    68    82    82    74    84    85    87    88    96    95    97    98    97    95    99   101   101   101   102   100    91    95   103   105   102
 1911    82    87    91    89   102    80    93    94   103    92    78    82    80    85    88    82    85    93    94   105   101   103   102    98   102    85    72    88    97   102
 1912    75    79    72    64    73    68    70    75    78    80    81    73    71    65    80    69    65    65    74    76    76    83    82    87    90    86    84    92    94    95
 1913    86    81    77    85    85    76    72    79    83    83    91    92    94   101   101    99   101    98    86    92    92    90    94    95    97   101   104   102   102    91
 1914    78    79    90    83    68    87    87    90    88    88    80    75    68    69    75    72    76    78    78    69    90    89    89    90    89    92    76    69    77    78
 1915    77    78    83    73    87    76    69    61    71    75    79    75    68    65    73    70    69    63    62    71    72    77    64    79    84    86    88    86    78    76
 1916    74    65    69    68    72    67    59    59    71    72    79    83    82    75    66    73    72    73    73    70    73    72    79    74    85    80    79    86    90    92
 1917    61    63    61    75    71    65    62    66    75    81    84    83    86    73    59    71    68    86    78    77    82    77    72    76    80    86    80    72    81    84
 1918    85    79    77    68    80    70    78    76    81    85    81    91    83    91    88    84    95    87    74    68    73    73    75    77    72    81    90    83    79    77
 1919    85    67    73    72    72    67    67    79    81    79    84    86    90    85    88    87    86    92    93    87    85    84    87    86    87    88    81    81    85    91
 1920    77    72    68    69    77    76    84    88    86    90    91    93    94    82    85    80    70    70    73    68    72    74    74    80    84    86    91    91    84    84
 1921   -99   -99   -99   -99   -99   -99   -99   -99   -99   -99   -99   -99   -99    86    80    81    94    91    95    94    91    85    85    86    90    90    87    85    90    95
 1922    72    68    76    83    83    86    86    88    86    82    79    85    82    84    89    81    75    83    81    86    82    85    93    90    74    78    85    82    91    84
 1923    87    88    85    86    89    81    68    72    71    65    75    79    82    83    87    86    86    88    91    92    89    91    95    94    94    81    81    67    74    76
 1924    74    74    75    76    73    61    57    65    74    75    79    89    87    83    83    76    74    72    87    74    84    83    76    75    81    75    83    76    71    68
 1925    89    89    78    87    89    72    89    78    65    63    73    78    78    77    80    77    79    81    80    83    85    84    79    68    72    71    68    73    82    78
 1926    69    59    72    75    79    73    75    76    85    83    84    91    73    62    73    71    71    73    73    88    72    78    75    79    71    75    85    95    84    88
 1927    68    65    64    69    66    72    79    85    84    76    63    68    81    69    71    74    68    77    88    80    77    75    76    88    80    79    81    92    93    94
 1928    72    69    75    74    64    80    80    76    65    77    77    78    72    79    81    80    72    77    82    85    78    75    73    61    68    81    81    75    82    83
 1929    79    64    68    67    75    79    71    74    82    89    80    66    63    76    80    81    82    84    83    73    82    73    78    72    76    77    77    72    84    87
 1930    78    84    84    82    65    65    70    75    80    78    78    83    80    77    78    72    65    74    78    85    88    84    92    92    82    78    81    79    86    74
 1931    77    78    88    79    71    70    64    72    82    82    82    80    79    88    81    81    85    91    93    84    84    82    85    97    92    98   100   102   101   101
 1932    81    81    88    84    89    88    85    72    81    84    80    81    83    83    86    84    84    76    75    72    82    88    85    86    86    79    75    82    83    90
 1933    86    87    88    82    89    96    94    87    87    97    84    74    68    75    91    95    97    95    96   101    89    91    84    91    91    96    98    92    87   100
 1934    86    87    88    82    89    96    94    87    87    97    84    74    68    75    91    95    97    95    96   101    89    91    84    91    91    96    98    92    87   100
 1935    73    82    74    67    54    57    70    75    78    77    71    86    87    89    82    77    75    65    60    71    68    72    80    78    79    73    81    77    81    85
 1936    79    68    68    69    76    76    69    76    79    69    76    80    83    84    79    91    80    78    88    82    71    77    80    87    89    92    94    92    81    83
 1937    69    76    79    76    72    62    69    60    68    76    80    74    79    79    85    75    84    80    79    84    82    85    93    95    87    75    85    83    75    78
 1938    74    79    73    72    79    74    71    76    79    80    73    80    74    86    86    74    78    83    83    83    88    94    91    87    79    74    78    76    71    77
 1939    88    81    73    78    86    83    82    82    74    72    64    70    67    66    78    92    83    91    85    85    75    73    85    87    83    84    89    92    89    82
 1940    86    89    90    85    88    93    84    71    89    85    73    76    85    88    87    92    94    96    81    79    76    99    82    81    79    76    82    82    78    82
 1941    79    70    72    78    82    79    68    58    58    62    63    71    71    63    71    77    82    84    84    88    90    87    86    86    89    91    89    81    86    92
 1942    83    79    83    88    90    83    69    74    78    83    81    78    65    69    68    71    68    82    80    78    78    71    69    76    66    68    82    86    81    79
 1943    84    83    84    78    64    58    63    65    74    76    74    81    87    88    82    81    79    85    90    88    95    88    89    90    92    94    93    74    68    71
 1944    89    90    87    87    86    64    73    65    58    65    72    81    78    82    89    86    87    87    61    73    81    82    79    86    93    90    89    84    75    78
 1945    61    54    51    59    63    63    59    73    72    68    70    77    83    80    69    71    76    73    74    75    87    86    89    87    78    80    87    84    82    77
 1946    61    63    71    78    83    85    82    79    75    89    84    78    76    83    73    93    85    75    56    59    76    87    88    88    84    85    88    93    86    81
 1947    67    66    68    72    81    85    81    78    87    80    59    52    55    61    68    80    67    75    72    73    77    79    79    84    82    86    88    93    80    80
 1948    86    89    89    92    63    71    76    68    80    90    78    72    77    77    67    75    64    69    70    72    75    81    78    84    84    86    79    71    82    74
 1949    86    82    83    80    78    80    78    72    83    90    95    92    75    75    83    86    85    87    91    95    94    88    86    86    88    89    90    90    90    98
 1950    76    70    63    76    79    85    82    82    76    70    78    75    81    82    80    81    70    61    71    76    85    82    84    79    88    84    76    70    75    70
 1951    71    72    72    58    65    70    69    72    75    75    77    81    80    79    77    82    83    73    80    78    75    68    78    75    73    79    77    73    75    70
 1952    72    81    79    70    86    93    91    86    80    81    78    75    78    91    88    86    87    83    77    67    65    78    78    88    90    87    77    92    89    84
 1953    71    75    88    86    74    67    69    76    74    79    81    91    89    81    79    79    83    93    96    93    80    81    78    83    82    81    78    79    89    92
 1954    71    60    59    68    70    78    82    82    85    83    89    89    88    91    86    84    88    85    81    85    79    80    83    90    94    90    81    86    90    82
 1955    70    77    84    81    78    75    71    72    67    69    67    61    72    78    80    81    82    78    84    88    83    79    80    81    77    80    82    84    80    92
 1956    64    71    75    81    82    84    81    83    90    93    92    92    95    89    88    87    87    83    92    90    94    92    90    86    80    79    78    77    88    91
 1957    76    69    80    82    81    84    80    67    68    78    81    74    82    80    84    88    87    73    82    84    86    84    76    65    69    77    72    80    83    83
 1958    67    66    65    85    83    74    71    75    68    82    70    70    73    74    73    73    74    77    83    78    76    69    76    73    65    76    80    87    86    89
 1959    71    77    81    81    83    87    86    88    88    84    84    78    73    73    85    83    80    77    82    80    83    80    75    90    89    88    85    85    78    58
 1960    77    82    82    80    70    67    70    74    76    80    79    63    73    80    82    77    71    86    80    75    68    79    77    77    79    81    86    82    84    78
 1961    86    79    78    82    84    80    75    80    88    89    89    89    84    77    68    75    78    84    80    76    82    76    72    77    80    85    89    93    91    91
 1962    59    57    59    71    79    76    78    75    79    80    77    72    75    80    81    88    88    75    77    75    79    78    86    84    82    84    85    88    84    84
 1963    81    88    85    90    89    90    92    93    86    84    70    73    86    81    75    77    82    83    86    79    73    79    84    88    91    88    90    92    92    98
 1964    68    67    76    78    80    78    80    90    90    73    70    84    83    75    74    72    81    88    90    90    85    82    82    82    90    91    89    90    92    90
 1965    77    72    69    72    78    77    78    78    79    79    83    85    83    72    74    72    73    79    83    83    78    86    86    78    78    77    89    87    87    77
 1966    79    77    82    82    82    78    71    68    67    72    75    75    80    78    74    75    78    82    84    88    87    86    88    90    92    90    83    87    91    92
 1967    75    80    83    82    80    77    76    81    80    79    78    81    82    83    86    86    80    76    81    81    80    81    79    69    74    77    75    80    85    90
 1968    75    80    84    91    90    90    88    90    90    85    80    71    76    77    73    72    75    76    77    84    83    81    86    77    71    57    62    73    82    84
 1969    73    52    65    78    84    83    65    70    75    76    75    69    66    65    72    77    77    81    78    66    65    63    63    70    77    80    78    77    77    78
 1970    69    70    69    77    80    83    89    87    86    84    85    79    84    82    81    83    87    81    71    70    75    82    81    79    74    72    80    86    98    97
 1971    71    72    83    88    90    88    84    70    73    77    86    93    92    85    86    87    87    87    92    82    82    84    86    86    83    81    93    93    90    89
 1972    81    87    87    81    79    80    78    82    79    64    73    90    87    78    73    68    70    78    84    68    68    73    72    72    79    83    84    77    82    85
 1973    80    76    76    77    74    78    83    90    88    90    90    76    78    81    84    82    81    73    72    70    71    78    79    82    84    84    83    71    67    77
 1974    75    75    80    79    77    71    65    70    76    70    70    71    76    84    79    55    72    81    78    85    77    76    76    68    73    76    79    80    82    83
 1975    70    73    77    78    72    68    66    68    64    68    66    69    82    67    67    66    79    75    86    86    88    83    85    81    83    82    82    87    88    86
 1976    73    73    76    77    79    85    84    87    86    82    88    86    88    85    78    73    78    78    73    82    82    81    77    71    81    83    80    81    75    74
 1977    74    72    79    90    89    88    77    70    65    75    75    75    71    76    74    85    78    78    80    76    74    77    79    90    88    90    93    91    83    78
 1978    80    67    72    79    77    82    79    70    80    85    84    73    78    72    78    77    78    74    80    78    73    77    75    82    80    90    89    83    87    86
 1979    73    78    85    80    72    85    77    68    72    72    81    81    79    82    85    80    72    63    81    73    79    68    67    77    79    84    81    80    75    79
 1980    74    75    79    75    82    82    73    69    77    68    78    80    84    85    83    73    77    79    70    75    80    84    85    84    89    97    86    83    70    79
 1981    80    75    74    76    89    80    82    75    66    74    82    82    84    83    79    72    78    76    76    76    73    70    79    75    78    82    78    87    81    80
 1982    71    69    68    72    73    69    75    75    69    72    73    76    79    75    71    74    72    65    72    67    73    75    81    82    71    70    85    88    80    74
 1983    74    68    71    73    68    70    77    82    83    85    85    81    84    74    78    77    75    68    79    78    89    90    93    89    91    89    71    69    68    85
 1984    83    80    82    78    86    84    79    79    77    71    74    82    81    77    66    70    83    81    85    84    85    86    79    79    86    89    88    82    79    78
 1985    77    65    67    61    74    78    86    98    96    75    61    68    73    69    75    73    76    71    74    81    82    82    85    82    89    91    72    72    77    81
 1986    86    69    80    85    71    74    82    80    82    83    84    78    76    77    76    76    79    86    92    91    89    80    82    80    81    90    89    88    81    76
 1987    87    86    78    78    87    88    92    90    83    73    82    91    99    99    98    90    94    90    90    84    81    82    85    88    88    80    79    84    83    78
 1988    93    91    80    84    88    89    93    92    78    79    87    90    93    93    92    84    83    92    90    99   100   101    91    91    90    87    85    93    92    79
 1989    70    83    77    77    81    86    84    83    62    74    74    75    78    69    68    72    84    82    87    88    87    84    83    84    81    80    81    85    84    85
 1990    82    81    52    65    64    72    76    80    81    84    83    88    87    83    82    78    82    84    74    79    77    74    76    82    85    88    89    82    80    88
 1991    81    83    85    85    75    78    79    83    85    76    84    90    87    85    84    80    84    87    88    87    86    75    75    82    86    94    95    93    95    94
 1992    80    82    83    84    81    79    74    74    81    83    88    90    91    89    81    76    79    77    72    63    65    66    74    75    76    73    72    83    82    80
 1993    61    52    68    65    72    73    66    80    79    80    84    82    81    78    71    75    84    68    76    69    83    86    86    85    76    85    83    78    76    75
 1994    78    70    76    82    81    86    85    71    74    80    78    83    84    91    90    90    92    93    87    84    86    86    83    79    82    77    79    77    77    82
 1995    74    76    83    82    83    83    84    73    65    67    71    76    83    85    85    88    92    90    90    93    93    93    92    86    87    80    79    79    78    75
 1996    72    74    62    60    65    71    72    73    77    74    79    85    85    84    88    84    81    71    71    80    87    86    75    77    81    87    90    92    94    95
 1997    81    80    78    79    78    71    71    75    80    82    79    82    84    83    85    74    76    77    84    85    84    88    90    89    80    82    85    88    88    85
 1998    70    64    61    66    66    63    68    67    63    72    73    76    78    78    76    78    77    80    80    89    82    84    85    90    87    88    94    93    84    79
 1999    68    68    75    68    84    86    84    90    88    87    79    75    79    74    65    70    71    72    76    80    83    87    83    88    90    89    88    80    73    77
 2000    85    76    73    73    66    72    78    90    89    88    85    81    73    74    74    70    69    75    80    80    79    79    79    73    82    82    77    75    75    80
 2001    66    60    59    59    58    60    72    76    86    83    94    92    89    88    76    79    86    88    87    79    76    72    77    82    90    90    88    86    86    91
 2002    89    86    63    62    73    76    82    84    86    86    80    79    77    74    75    79    80    82    82    82    83    89    90    89    89    88    85    85    89    91
 2003    73    71    70    74    76    72    70    70    76    79    81    82    84    81    82    84    87    84    84    80    83    87    84    91    80    70    82    82    81    84
 2004    71    71    73    76    76    84    89    89    87    85    76    87    88    82    83    87    83    78    69    69    75    75    78    78    73    75    76    77    83    83
 2005    81    85    74    79    79    86    71    76    76    85    86    82    84    73    70    78    79    83    86    88    88    90    94    92    83    86    91    79    85    82
 2006    81    83    82    80    83    83    83    83    82    65    59    74    80    80    79    88    87    85    85    79    81    82    80    78    78    74    78    78    80    86
 2007    77    76    73    75    75    68    87    87    78    81    84    87    87    88    89    89    88    87    76    85    86    84    73    73    82    89    89    81    74    78
 2008    80    80    65    69    77    79    87    81    74    78    78    78    78    81    80    75    76    77    81    84    84    79    77    84    87    88    80    76    77    78
 2009    78    75    74    73    80    79    64    65    67    70    72    73    72    78    79    77    77    81    83    85    85    91    94    89    89    89    87    83    78    72
 2010    84    84    75    81    81    76    78    78    77    76    84    83    73    69    69    80    85    85    78    78    79    88    89    83    84    85    83    81    73    75
 2011    78    79    91    92    86    95    96    96    90    59    66    67    72    73    74    81    86    85    79    76    81    80    70    71    70    80    80    78    82    92
 2012    68    73    79    81    81    79    82    86    89    89    89    81    74    85    86    87    85    92    93    91    89    83    83    85    85    82    95    95    92    93
