 1893     0     0     0     0   130    70     0     0     0     0    50     0     0     0     0     0     0     0     0     0     0     0     0     0    15     0     8     0     0     0     0
 1894    80     0     0     0     0     0     0     0     0     0     0     0     0     0     0     0     0     0    50     0    71     0     0     0    30    13     0    19    20     0     0
 1895     0     0     0     0     0     0     0     0     0     0     0     0     0     0     0     0     0     0     0     0     0     0     0     0     0     0     0     0     0     0     0
 1896     0     0     0     0     0     0     0     0     0     0    28     0     0     0     0     0     0     0     0     0     0     0     0     0     0     0     0     0   200    87     5
 1897     0     0     0     0     0     0     0     0     0     0     0     0     0     0     0     0     0     0    43     0     0     0     0     0     0     0     0     0     0     0     0
 1898 -9900 -9900 -9900 -9900 -9900 -9900 -9900 -9900 -9900 -9900 -9900 -9900 -9900 -9900 -9900 -9900 -9900 -9900 -9900 -9900 -9900 -9900 -9900 -9900 -9900 -9900 -9900 -9900 -9900 -9900 -9900
 1899     0     0     0     0     0     0     0     0     0    59     3     0     0     6     0     0     0     0     8     0     0     0     0     0    28     0     0     0     0     0     0
 1900     0    81     0    37     0    45     0     0     0     0     0     0     0     0     0     0     0     0     0     0     8    54     8     0     0     0   104    36     3     0   160
 1901    40     0     0     0     0     0     0     0     0    92   111     0     0     2     0     0     0     0     0     0     0     0     0     0     0    11     0 -9900 -9900 -9900 -9900
 1902     0     0     6     8     0     0     0     0     0     0    45    21     0     0     0     0     0     0     0     0     0     3     0     0    58     2     2     0     0     0     6
 1903     3     2    46     0     0   124     4     0     0     0     0     0     0     0    34     0     0     0     0     0     0     0     0     0     0     0     0     0     0     0     0
 1904     0     0     0     0     0     0     0     0     0   308    22     0    52     0     0     0     0     0     0     0    10     0     0     0     0     0     0     0     0     0     0
 1905    38     0     0     0     0     0     0     0     0    70     0     0     0     0    12     0    70    50     0    76    10     0     0     0     0     0    14     0     0     0     0
 1906     0     0     0     0     0     0     2     0     0     0     0     0     0     0     0     0     0    35     0     0    16    14    19    80    12     2    28     0    16     0     0
 1907    46     0    22     0     0     0     2     0     0     0     0     0     0     0     0     0     0     0     0     0     0     0     0     4     0     0     0     0     0    17     5
 1908     0     0     0     0    14    24     0     0     0     0     0     0     0     0     0     0     0     0     0     9    22    21     8    77     3    12    10     0     0     0     0
 1909     0     0     0     0     0     0     0     0    29    41    22     0     0     0     0     0     0     0     0    12     0     0     0     0     0     0     0     0     0     0    15
 1910     0     0    20     0     0     0     0     0     0     0     0     0     0     0     0     0     0     0     0     0    65     0     0     0     0     0     0     0     0     0     0
 1911   108     0    86     0     9    45     0     0     0     0     0     0    35    72    66   121     2     0     0     0     0     0     0    22     0     0     6     0     0     0     0
 1912     0    14     0     0     0     0    42     0     0    47     0     0     0     0     0     0     0     0     0     0     0     0     0     0     0     0     0     0     0     0     0
 1913    12     0     0    41    12     0    73     0   166   100     0     0     0     0     0    10     0     0    32    12     0     2     0     0     0    33     0     0    30     0     0
 1914     0     0     0     0     0   215    55    45     0    21     0    35    68     0     0     0     0     0     0     0     0     0     0     0     0     0     0     0     0     0     0
 1915     0     0    45     0     0     0     0     0     0     0     0    63     0     0     0    70     0     5     0     0     0     0     0     0     0     0     0     0     0     0     0
 1916     0     0     0     0     0     0     0     0     0     0     0     0    41     0     6     0     0     0     0    77     9     0     4     0    87     0     5     0    70     0     0
 1917     0     0    43     0     0     0     0     0     0     0    25     2     0     0     0     0     0    37     0     0     0     0    15     0     0    63    12     0    93     0     0
 1918     0     0     0     0     0     0     0     0     0     0     0     0     0     0     0     0     0     0    14     0     0     8     0     0     0    91    57     0     0     5     0
 1919    16     0     0    67    15     0     0     0    31     6     0     0     0     0     6     0     0     0     0     5     0     0     0     0    60     0    15     0     0   173     0
 1920     0     0     0     0     0     0     0     0     0     0     0     9     0     2   205     0     0     0     5    14     0     2     0     0     0     0     0     0     0     0    60
 1921     0     0     0     0     0    44     0     0     4     0     0     0     0     0    21     0    69     0     0     0     0     0     0     0     0     0     3     0    59     0     0
 1922     9     0     0     0     0    40   128     0     0     0     0     0    14     0     0     0     0     0     0     0     2     6     0     0     0     0     0     0     0     0    12
 1923     0     0     0     0     0     0     0     0     0     0     0     0     0     0     0    60    10     0     0     0     0     0     0     0     0    10     5     0     0     0     0
 1924     0     0     0     0     0     0     0     8     0     0     0     0    15     0     6     0     0     0     0     0     0     0     0     0     0     0     0     0     0     0    27
 1925    35     0    10     0     0     0     7     0     2     0     0     6     0     0     0     0     0    15     0     0     0     5     0     4    11    71     0     0     0     0     0
 1926    42     0    71    33     0     0     0     0     0     0     2     0     0     0     0     0     0     0     0     3     7     0    13     0     0     0     0     0     0     0     2
 1927    15   212    12     0    18    24     0     0    13     0     3     9     0     0     0     0     0     0     0     0     0     0     0     0     0     0     0     5     0     9     0
 1928     0     0     0     5    37     0     0     0     0     0     0    55     0     0    76   104     0    50     0     0     0     0     0     0     0     0     0     0     0     0     0
 1929     0     0     0     0     0     0     0     0     0    23     0    17     0     0     0     0     0     0    10    60     0     0     0    20     0     0     0     0    40    48    14
 1930 -9900 -9900 -9900 -9900 -9900 -9900 -9900 -9900 -9900 -9900 -9900 -9900 -9900     0     0    35     0     0     0     0     0     0     0     0     0     0     0     0     0     0     0
 1931    15     0     0     0     0     0   107     0     0    37     0     0    38     4     0     0     0     0     0     0     0     4     9     0     0    20    12    11     7     0     0
 1932     0     0    15     0     0     0     0     0    15    15     0     0     0     0     0     0     0     0     0     0     0    70     0     4     3     0     0     0     0     0     0
 1933     0     0     0     0     0     0     0    10     0     0     0     0     0     0    24   104     0     0     0     0    15     0     0     0     0     0     0     0     0     0     0
 1934     0     0     0     0     0     0     0    10     0     0     0     0     0     0    24   104     0     0     0     0    15     0     0     0     0     0     0     0     0     0     0
 1935     0     0     0     0     0     0     0     0     0    10     4     0     0     0     0     0   125     0     0     0     2    19     0     0     0     0     0     0     0   165   120
 1936     0     0    23     0    14     0     0     0     8     0     0     0     0     0     0     0     0     0     0    50    25     0     0     0     0     0     0     0     0     0    72
 1937     8     3     0     0    16     0     0     0    20     9     0     0     0     0     0     0    32    44    62    22     0     0     0     2     0     0     0     0     0     0     0
 1938     0     0     0     0     0     0     0     0     0     0    30    38     3     0    15     0     0    22     0     0     0     0    16     8     0     0     0     0     0     0     0
 1939     0     0     0     0     8     0     0     0    73    20     0     3    48     0     0     0     0     0     0     0     8     0     0     0     0     0    18     0     7     3     0
 1940     0     0     0    25    13    81     0     0     0     0    10     0     0    28     2     0     0     0     0     0     0     0     0     0     0     0     0     0   153     0     0
 1941     0     0    21     0    89     0   186     0    10     0     0     0     0     4     0     0     0    16     0    61     0     0    18     0     0    26    15     0     0     5     0
 1942     0     0     0   268    22     0     0     0     0     0     0     0     0     0     0     0     0     0     0     0     0     0     0     0    15     0     0     0     0    21    43
 1943    30     0     0     0     0     0     0     0     0     0     0     0    61     0     0     0     0     0     0     0    73     0     0     0     0     0     0     0     0     0    62
 1944     0     0    10     0     6    49     0     0     0     0     0     0     0     0     0     0     0     0     0     0     0     0     0     0     0     0     0     0     0     0     9
 1945    10     6     0     0     0     0     0     0     0     0     0     0     0     3     0     0     0     0     0     0     0     0     0     3     0     0     0     0     0     0     0
 1946     0     0     0     4     0     0     0     0     0     0   110     0     0     0     0    25     0     6     0     0     0     0     0    50    62     2     0     0    32     0     0
 1947     0    10     0    35     0     0     0     0     0     0     0     0     0     0     0     0     0     0     0     0     0     0     0     4    27    51    11   147    10     0     0
 1948     0     0     0     0     0     8   177    15     0     0     8     8     0     0     0     0     0     0     0     0     0     0     0     0     0     0     0     0     0     0     0
 1949     0     0     0     0     0     6    15     0     0    35     0     0     0     0     0     0     0     0     4     0    35     3     0     0     0     0     0     0     0     0     0
 1950     0     9     0     0     0     0    49    15     0     0     0     0     0     0     0     0     0     0     0     0     0     0     0     0     0     0     0     0     0     0     0
 1951     0     0   142    49     0     0     4     0     3     0     0     0     0     0     0    33     5    11    27     0   113    66     0     0     0     0     0     0     0     0     0
 1952     0     0     0     0     0     0     0     0     0     0     0     0     0     0     0     0     3     0     0     0     0     0     0     0     0     0     0     0     0     0     0
 1953     0     0     4     0     0     0     0     0     0     0     0     0     0     0     0     0     0    20    40     0     0     5     0     0     0     0     0     0     0     0     0
 1954     0    32    10     0     0     7     0    32     0    18    29     0     0   127    22     0     0     0     0     0     0     0     0     0     0     0    23     0     5     0     0
 1955     0     0     0     0     3    95     5     3     0     0     0     0     0     0     0     0     0     0     0     0     0     0     0    40     0     0     0     0     0    18     0
 1956     0     6     0     0     0     0     0     0     0     0     7     8     0    32     0    32     0     0     0     0     0     0     0     0     0    29     0     0     0    34     3
 1957     0     0     0     0     0     0     0    10    13     0     0     0     0     0    49    10     0     0     0     0     0     0    25     3     0     0     0     0     0     0     0
 1958     0     0     0     0     0     0     0     0     0     0     0     0     0     0     0     0     0     0     0     0     0     0     0     6     0    23     5     0     0     0     0
 1959     0     0    20     0    21     0     0     0     7     0     0     0     0     0     0     0     0     0     0     0     0     8     5    52     0     4    22     0     0     0    10
 1960     0     0     0     0     0     0     0     0     0     0     0     0     0    57     0     0     0     0     0     0     0     0     0     0     0    27     0     0    17   106    54
 1961    38     9     0     0     0     0     0     0     0     0    80     0    15     0     0     0     0     0    36     0     0     0    20     0     0     0     0     0    67   128     0
 1962    33     4    40    58     4     0     0    15    33     0     0     0     0     0     0    46     0     0     0     0     0     0     0     0     4     0     0     0     0     0     0
 1963     0     0     0     0     0     0     0     0     0     0     0     0     0     0     0     3     2    24     3     0     0    25     0     0    45     0     0     0     0     0     2
 1964     0     9     0     0     5     0     0     0     0     0     0    16     0     0     0     0     0     0     0     0     0     0     0     0     0     0     0     0     0     0     0
 1965     4     0     0     0     0     0     0    20     0     0     0     0     0     0    25     0     2     0     0    14    55     0     0     0     0     0     0     0     0     0     0
 1966     0     0     0     0     0     0     0     0     0     0     0     0    36    16    98     0     0     0    21     0     0     0     0     0     0     0     0     0     0     0     0
 1967     0     0     0     0     5     0    57    78     0     8     0     0    21     0     0     0     0     0     0     0     0     0     0    13    37     0     0     0     0    42     0
 1968     0     0     0     0     0    43     0     0   175    69     0     0    10     0     0     0     0    15     3     0     0     0     0    28     0     0    13     4     0     0     0
 1969     0     3     0     0     0    43     0     0     0     0     0     0   113     0     0    63     0     0     7    40     0     0     0     0     0     0     0     0     0     0    61
 1970     0     0     0     0     0     0     0    20   174    16     0    15     0     0     0     0     0     0     0     0     0     0     3    50     8     0    51    25     0    24     0
 1971     0     0     0     0     0     0     0     4     0     0     0     0     0     0     0     0     0     0    14    26     0     0     0     0     0     3    38     0     0    10     0
 1972     0     0     0    37     0     0     0     0     0     5     0     0     0     0     0     0     0     7     0     0    48     0   156     0     0     0     0     0     0   102     0
 1973     0     0     0   109     0     0    34     0     0     0    71    65     0     0     0     0     0     0     0     0     0     0     0     0     0     0     0     0    12     0     2
 1974     0     0     0     0     0    71     0     0     0     0    11     0     0    27     0     0     0     0     0     0     0     0     0     0     0     0     0    12    38    20    74
 1975     0     0     0     0     0     0     0     0     0     0     0     0     0     0     0     0     0     0     0     0     0     0     0    11    21     0     0     0     0     0     0
 1976     0     0     0     0    22     0     0     0     3     0     0     0     0     0     0     0     0     0    10     5     5     0     0    40     0     0     0     0     0    10    12
 1977    41     0     0     0    15     0     0    84    10     0    16     0     0     0     0     0     0     0     0     0     0     0     0     9    38     0     0     0     0     0    32
 1978     0     3    18     0     0     6     0     0    10   116     0     0     0     0     0     0     0     0     0     0     0     0    26     0     0     0     0     0     0     0     0
 1979     8    36     8     0     0     0     0     5     0     0     5     3     0     0     0     0     0     0     3     0     0   120    89     0     0     0     0     0     0     0    14
 1980     0     0     0     0     0     0     0     0     0     0     0     0     0    11     3     0    48     0     0     0     0     0     0   100    12     0     0     0     0     0     0
 1981     7     0     0    26     0     9     0     0     0     5     0     0     0    32    17     0     0    70     0     0     0     0     0     0     0     0     0     0     0     0     7
 1982    21     0     9     0     0     0    23     0    96    19     0     0     0     0     0     0     5     0     0   157     0     0     0     0     0     0     0     0    48     0     0
 1983     0     0    34     5     0     0    10     0     0     0    27   166     2     0     6    33     0     0     8   102     9     0     0     0     0     0     0     0     0     0     0
 1984     0     0     0     0     4     2    95     2     4    10     0    31     2     0    16    36    71     3    27     0     0     0     0     0     0    37     3    29     0     0     0
 1985     0     0     0    10    14     0     0    11     0     0     0    42     3     5     8     0     0    42    11     0     7     0     0    13     0     0     0     0     0     0     0
 1986     0     0    60    68     0     0     0     0     0     0    55   107     0    13     0     0     0     0     0     0     0     0     8    12     5     8     0     0     0     0     0
 1987     0     0     0     0     0     0     0     0     0     0     0     0     0     0     2     8    13     0     0     0     0     0     0     2     0     0     0     0     0     0     5
 1988     0     0     0     0     0     0     0     0     0     0     0     0     0     0     0     7    22     0     0     5    25     0     0     0     0     0     0     0     0     0     0
 1989     0     0     0     0    60     0     0     0     0     2     0     0     0     0     0    68     0     0     0     0     0     0     0     0     0     0     0    19     8    80    12
 1990     0     0   143     0     0     0     0    13     0     0     0     0     0     0     1     0     1    43     0     1    22     0     0     0     0     0     0     0     0     0     0
 1991     1    11     2    78    22     8     0     0     0     0     0     0     0     5     0     0     0     8     0     0     0     0     0    27    59    19     1     6     4     0    10
 1992     0     0     0     0     0     0     0    80     0     1     0     0     0     1     0    14     0     4     0    17     0     0     0     0     0     0     0     0     0     0     5
 1993    11     0     0     0     0    18     0    26    40     0     0     0     0     0    48     1     0     0     0     2    23     0     0     0     0     1     1     1     1     1     0
 1994     0    64    46     0     0     0     8     0     0     1     0     0     0     0     0    19    66    72     0     0     0     3     0     0     0     0     0     0     0     0     0
 1995    13     2    18     0     4    87     4     0    13     0     0     0     0     4     0     0     0     0    12     1     0     1    61     3     0     0    25    27     0     0     1
 1996     0     0     0     1     0     0     0     0     5     0     0     0     0     0     8     0    27     3     0     0    31    94    91     5     4    13     0     0     0     0     0
 1997     0     0     0     0     0     0     0     6   140     0     1    55   146     2     0     0     0     0     0     0     0     0     0     0     0     1     0     1     0     1     3
 1998     0     6    77    12    78    15     1     0     0     0     0     0     0     0     7     0    26    71     0     0     0     0     0     0     0     0    82     2    38    10     0
 1999     0    54     0     0     0     0     0    21     0     0     0     0     0     0     0    10     0     0     0     0     0     0     0     0     0     0     0     0    18     3     0
 2000     0     1     1    38     6     1     0     0     0     0     0     0     6    34     0     0     9     0     0     0     0     0    29     0    10     4     1     0     0     1     0
 2001     0     0     0     0     0     0     0     0     0    89     0     0    75     5     2     2     0     0     0     0     0     0     1     1     0     0     0     0     0     0     0
 2002     0    68    50    60     0    12     0     0     0     1     0     5     0     0     0     0     3    40     0     0     6     0     0    20    18     0     0     0     0     0     0
 2003     0     0     3     0     0     0     0     0     0     0     0    32     0    20     0     0     0     0     0     0     0     0     0     1     0     0     0     8     4     2     0
 2004    40    17     0     0     0     0     0    26     0     0     0     0     0    28     3     2     0     0     1     0     0     1     9     0     0    41     3    15     1    53     1
 2005     0     0     0     0     1    11     0     0     0     0     0     7     1     0     0     0    11     0     0     0     0     0     0     0     0     0     0     0     0     8     0
 2006     0     0     0     8     0     0     0     0     0     0    31     1     0     0     0    31     6    21     0     0    13     0     0     0     0     0     0     0     0     0     0
 2007    80    48    58     0     0     1     1    44     0     0     0     0     0    43    38    10     0    88    22     0     0     0     0     0     0     0     0     0     0     0     0
 2008    00    00    00    00    56    00    15    32    00    00    00    00    01    15    35    00    08    03    00    00    00    03    03    18    01    01    00    00    00    00    00
 2009    54    42    25    01    00    88    00    00    00    00    00    07    00    00    33    00    00    00    00    00    21    67   174    01    06    00    00    00    29    35    02
 2010    00    01    00    00    00    00    00    00    00    00    00    00    00    00    00    00    00    00    00    00    00    00    12    04    00    31    01    00    00    00    00
 2011    00    00    00    00    00    00    00    00    00    00    00    17    78    00    00    01    00    00    00    00    00    00    00    07    00    00    05    00    00    42    00
 2012    00    00    00    00    00    00    00    00    30    00    01    00    35   104    00    00    01    06    10    00    00    37    04    01    67    00    00    00    00    00    00