 1893 -9900 -9900 -9900 -9900 -9900 -9900 -9900 -9900 -9900 -9900 -9900 -9900 -9900 -9900 -9900 -9900 -9900     0     0     0    87     0     0    25     0     0     0     0     0     0
 1894     0     0     0     0     0     0     0     0     0     0     0     0     0     0    57    39     0     0     0     0     0     0    22    15    16   115     0     0     0     0
 1895     0    79     0     5     2     0     0     0    30    66    16     0     0     4     0     0    34     4     0     0    29     0    15     0    14     0     6     0     0     0
 1896     0     0     0     0   195    81     6    10     0     0     0     0     8     0     0     8     0     0    21     0     0     0    11     0   202     0    29     0     0     0
 1897    20     0     0     0    32     0     0     0     0    24   126     0     0     0     0    84    26    86     0     0     0     0   104     0     0     0     0   152    84     0
 1898     0     0     0     0    11     0    68     0   138     0     0     0     0     0     0     0     0    19     0     0     0     0     0     0    15     0     0     0    25    12
 1899     0   164     3     0    16     2    35     0     0     0     0    72    32   106     0     0    35     0     0     0     0    30     0     0     0     0    48     8     0     0
 1900     0     0     0     0     0     0     0     0     0   146     0     0    19     0     0     0     0     0     0     0     0     0     0     0     0     0   111     0     0     0
 1901     0     0     0     0    26     0     0     0     0   111     0    51     0     0     0    28     0    18     0     0    17     0     0     0     0     0    20    16    12     0
 1902    54     6     0     0     3    30    10     0     0     2    13    73    18    23    13     0     0    10     0     0     0     0     9     7   175     0     0     0    35     4
 1903    47     0     0     4     0     0     0     0     0     0     0     0     0     0     0     2    10     0    13     0    19     0     0     0     0     0     0     0     0    62
 1904     0    42    36     6     0     0     0     0     0     0     0     0     0     0     0     0     0     0     0     0     0     0     0   150     0     0     0     0     0     0
 1905     0     0     0     0     0     0     0     0    82    48     4     0     0     5     4     0    90   148     0     0     2     0     0     0     0     0     0     0    96   152
 1906     0     0     0    51    11     5    18     0     0     0     0     0     0     0     0     0     0     0    12     0     0     0     0     0    26    52    20     0    13     0
 1907     0     0   103    23     0     0    45     0    38    94    64     8     0     0    32     0     0     0     0     0     9    34    49     0     0     0     0     0     0    42
 1908     0    13     0     0     0     0     7     0     0     0     0   153     0     0     0     0    15     0     6   390    10     3     4     0     0     0    43    67     0    60
 1909 -9900 -9900 -9900 -9900 -9900 -9900 -9900 -9900 -9900 -9900 -9900 -9900 -9900 -9900 -9900 -9900 -9900 -9900 -9900 -9900 -9900 -9900 -9900 -9900 -9900 -9900 -9900 -9900 -9900 -9900
 1910     0     0     0     5     0     0     0     0     0     0     0     0     0     0     0     0     0     0     0     0     0     0     0     0     0     0     0     0     0     0
 1911     0    44     8     0     0    15     0    21     0     0     0    16     0     0     0    10     2     0     0     0     0     0     0     0     0    14     0     0    11     0
 1912    86     0     0     0    13     0     0     0     0     0     0     0    59     0    15     0     0     0    16     0     0     0     0     0     0     0     0     0     0   180
 1913     0     0     0     0     5    85     0     0     0     0     0     0     0     0     0     0     0     0     0    50     0     0     0    28    12     0     0     0     0     0
 1914     0     0    55     0    70    92     0     0     0     0    85    18   100     0     0     0     0    35    54     0    72     0     0    12     0    29     8     0     0     0
 1915     0     0     0     0     0     0     0     5     0    55     0    37     0     0     7    33     0    58    10     0     0     3    11     0     0     5     0   126     0     0
 1916   350     2    10     0     0     4    55    27    18     0     0     0    23     6    50    42     0     0     0     0     0    30    25     0     0    52     0     0     7     0
 1917     0    76     5     0    14    69    42     0     0     0     0    22    23     5     0     0     0     0     0     0    25     0   246     0    43    23     0    20    15     8
 1918    25     0     0    45     0     0     6     0     0     0     0     0     0     0     0     0     0    21    31    69     0     0     0    32    25     2    31     0     0    92
 1919    11    77     0   120     6    85     0     0     0    54    77    30     0     0     0    13   218     0    28     0     0     0     0     4     0     0     0     0     0     0
 1920    18     0     0     0     2     0    16     0    34     0     3     0     0    18    48    72    75     0     0     0     6    24     0     8     0     0     0     0   110     0
 1921 -9900 -9900 -9900 -9900 -9900 -9900 -9900 -9900 -9900 -9900 -9900 -9900 -9900    29     0     0     0     0     0     0   163     0     0     0     0   129     5     2     0     0
 1922     0     6     5     0     0     5     0     0    50    20    20     0    48     0     5    10     0     0     0     0     0     0     0     0     0     0     0     0    16     0
 1923     0     0     0     0     0    50     0     0    27    47     0     7     0     0     0     0     0    12     0    62     0     0     0    19     0     7     0    39     0     0
 1924     0     0    34     0     4     0     0    62    69     0     0     6     0     0    94     0     3     5     0     4     2     0    77   102    10    33     2    40    10    11
 1925     4   100    82    10     0     0     0    43     0     0    70   227    27     0    30     0    90     0     5     0     0    82     0    55    35    15     0     0     0     0
 1926    36     0     0     0     0     7     0     0     0     0    37    47     0    25     0     3     0     0     0     0     0     0     0     0     0     0     0     0     0     5
 1927     0    35     7     5     0     0     0    12     3    28     0     8     0     0     0     0     3    13     0     0     6     0     0     0     0     0     0     0     0     0
 1928     0     0     0     0     0     6     0    10     0     0     0     0    45     0     0     0     0    45    13     3     0    30    63     9     0     0     0    78    50     0
 1929     0     0     0     0     0     0     8     0     0     0     0    40    20     0     0     0     0     0     0     2     0     0     0    29     6     0    27    31     0     0
 1930     0     0     0     0    98    42     3     0     0     5     0     2   198    85     0     0     4     0     0     0     0    64     0     0    19     0     0     0    57     0
 1931     0     0     0    12     5    12    45     0     0     0     0    50    12     0     0     5     0     0     8    44     0    58    19     0     0     0     0     0     0     0
 1932     0     0     0     0    60     0     4     0     0     0     0     0     0     0     0     0     0   192     0     0     0     0     0     0    17     0    10     0    40     0
 1933     0     0    12    10    12     0     0     0     0     0     0     0     0     0     0     0     0     0     0     0     0     0     6    21     8     0     0     0     0     0
 1934     0     0    12    10    12     0     0     0     0     0     0     0     0     0     0     0     0     0     0     0     0     0     6    21     8     0     0     0     0     0
 1935    54     8     0     0     0    12     0     0     0    55     0    29     0    65     0    11    11   144    43     0     4     0     0     0    86     7     0     7     0     0
 1936    33    63     0     0     0    15     0     0   133     0     0     0     0    15     0     0     5     0     0     0     0     8     0     0     0     2     0     0     4     0
 1937     0     0     7     0    39     3     6     0     0     0     0     0   194     6     6     0     0     0    32   130    10     0     0     0     0     3     0     0     0     0
 1938    88    12     0    63     0    10    10     0     9     0    52     0     0     0   100     6     0     0     0     0     0     6     0   266    97     0     0     0     0   142
 1939     0     0    46     0     0     0    10    29     0     0    32     0     0     0    37     0     0     0    60     0    11    48     0     0     0    14     0     0     2     5
 1940     0     0     0     0    69     0     5     9     0     0     0    30     0     0     0     0     0     0     0     0     0     0   117   125     2     0     0    23     0     0
 1941     3    85     2     0     0     0    18     0    10     3   173   102    19     4    10     0     0     0     0     0     0     0     0     0     0     0    30    14     0    91
 1942    38    17    16    57     0    56    12     0     0     0   109    26     0     0     0     0     0     0     0     0     9     0     0     0    54     0     0     0   640     0
 1943   109     0     0     0     0     0     0     0     0     0     0     4     0    71     4     0     2     0     0     0     0    42     0     0     0     0     0   106     0     0
 1944    27     2     0     0     9     2     0     0    65     0     2    72    60    48     0   143    10    71     0     0     0     0    23     0     0    17     0   117     0     0
 1945   168   101     0     0     0     0     3     0     0    13     3     0     0     0     0    56     0     5     0     2     0     0     0     0    70     0    66    64    94     0
 1946    22     0     0     0     0     0     0     0     0    67     2    14     4     0    81     0   103    46     6    50     2     0     0     0    80     0     0     0    86    72
 1947     0    33     0    16    13     0    75    31     0     2     0     0   390     5     0     0    47     0     0     0     0     0    11     0     0    18     0     0   130    70
 1948     0     0     0     0   234     0     9     0     0     0     0    55     0     0     2     0     0     5     6     0    19     5     8     0     0     3     0    52    10     5
 1949     0    90     0     0     0     0     0     0     0     0     0     0    94    28     0     0     0     0     0     0    83     0    74   138    32     0     0     3     0     0
 1950     0    35    28     0     0     0     0     0   197     0     0     0   253    19    29     0     0    89     6     0     3     2     6    92     0     0     0     0     2     0
 1951    94   138     0     0     0     0     0     2     0     0     0     0     0     0     0     0     0     0     8     0     0     3     0     0     0   472     0    73     0     0
 1952     0     0     0     0    67     0     0     0    26     0     4     0     0    37     0     0    20     0     0    21    20     0    19    37    19     0    41     4     0     0
 1953     0     0     5     2    20     0     0    76     0    30     0     0    77    83     0     0     0     0     0     0     3    16     0    53   112    15     2    70     0     0
 1954    23     0    72     8     0     0     0     0     0     2     0     0     0     0     0     0     0    57    13   225    63   112     0     0     0     0     0     0    27     0
 1955     0    90     5     0     0    65    13     2     0     0     5     0     0     0     0     0     0     0     0     0     0     3     0     0     0     0     0     0     0   113
 1956     0     0     0     0     0     0    16     0     0     0     0     0     0     0     0     0     6     0    69     0     0    44     0     0     0    93    20     0     0     0
 1957     0     0     0     0    87     0    36     5     0     0   105     0    12     0     0    37     0    63     0     0     0     0     0     3     0    41     0     2     0     0
 1958    28     0     0    46     4     0     0    11    18     6     0     0     0     0     5     0    59     6     0     5     0    10    21     9    59     0     0     0     0    10
 1959     0     0     0     0     0     0     0     0     0     0     0     0     0     0    20     0     0     0    13     0     0     0     0     0   138   265    19    33     5    73
 1960    59    86     0     0     0     0     0     0     0    34     0     0     0     0     0    67     0     5     0     0    60    20     5    98     0     0     0   167    14     0
 1961    16     4     0     0     0     0    77    42     0     0     0    20     9     0     0     0     0     0     0    10     0     0     0     0     0     0     0     0     0     0
 1962     0     0     0    41    15     4     0     0    12    43    43     8     0     0     0     0     0   232     0     0     0    30    23     0     0     0     0     0     0     0
 1963     0     0     0     0     0     0     0    19    92     4     0     0    23     0     0     0     0     0     2     0     0     0     0     0     0     8     0     0     3     0
 1964     0     0     0     0     0     0     0     0     0     0     0    46     0     0     0     0    17     0    49     0     0     0   499     0     0     0     0     0     0     0
 1965     0     0     0     0    78   141     0     7     0     0     0     0     0     0     0     0     0     0     0     0    47    13     4     0     0     0    19     3     0    20
 1966     0     0     7     0     6    77     0     0    51     3     0    51    36     0     0    10     0     4     0     0    14     0     0     0     0   104     0    63     0     0
 1967     0     0     0     0     3     2    16   172    83    64     0    27     0     0     0    30    28     0     0     0     0     0     0     0    54     0     0    70     0     0
 1968    15     0     0     0     0     0    53     0    15   176    40    22     0    22     0     0     0    53     0     0     2     0    48    81    92    97    20     0     0     7
 1969    10     0     0    17     0     0     7    73     0     0    53    92    27     0     6     0    17     2     0     0     0    13    30     3     0   166   242     0   191     6
 1970    95    13     0     0     0     0     0     0     0     0     0    26    65     0    15   132     0     0     0     2   115     0     0     0     0    21     0     0     0     0
 1971    30     0     0     0     0     0   138     0     0     0     4     0    25     0    10     0     0     0   110   124     0     0    19     0    80    10     0     0     0    25
 1972     0     0     0     0     0     0     0     0     0     0     0     0    43    21    15     0     0     0    25    27     3     0     0     0     0     0     0    85     7     0
 1973     0     0    54     0    25     0     0     0     0     0     0    16     0     0     0    30 -9900     0 -9900     0     0     0     0     0     0     0    51     0     0     0
 1974     0     4     0    92     0     0    29    64   163    21     3     0     2     0     0     3     0     0    65     0   189     6     0     0     0     0     0     0     0     0
 1975     0     0    32    91     3     0     0     0     0     0     6    28    11     2    49     0    38     0    34     0     0    58     0     3     0     0    39     0     0     0
 1976     0     0     0     0     0     0     0     0     0    90     0     0    42    71     7     0     0     0     0     0     0     0     0     9     0     3     0     2    21    52
 1977     5     0     0     0    81     0     0    30     0     7     6     0     0     0     0     0     0    21     0     6     0     0     0     0    13     0     0    24     0    97
 1978     7     0     0     0     0     0     0    16     0     0     0     0     0     0     0    79   139    42     0    33     0     0     2     0     3    63     0     0     2    59
 1979     0     0     0     0    82     6     8    39     0    52     0    13     0     0     0     0     5     7     0    57     0     0     0     0     0     0     5     0   153     5
 1980     0     0     2     0    43   110     0     0     0     3     0     0     0    17     7     0     0     0     0     0     0     0     0     3     0     0     0    73     0     0
 1981     0     0    45     0     0     0     0    16    51    10     0     0   200     0    31    28     0     0     0     0    20    10     0    85     0     0     0     0    30     4
 1982     0     0     0     0     0     0    50     0     0     0     0     0     0     0    89     0     0     5     6     7     6     0     0     0    17    35     0     0    41     0
 1983     0     9     0     0     0     0     0     0     0     0     0    30     0     0     0     0     0     0    23     0    28     0     0     0   110     0   107   143    82    70
 1984     0     0     0     0    33     0     9    78     0    16     0     0    43     2     5     0   156   100     0     0     0    32    16     0     0     0     0     0     0     0
 1985     0     7     0     0     2     0     0     5     0     0    47     5     0     0    14     0     0     0     0     0     3     2     0     0     0     0   112     0     0     0
 1986     0     0     0     0     0     0     0     0     0    10    75     0     0    18     0    27     0    54     0     0   160    92     0     0     0     0     8     5     0     2
 1987     0    11     0     0     0     0     0     0     0     0     8     0     0     0     0     0   164     4     0    47   164     0     0     0    24     0     0     5    42     0
 1988     0     0     0     0     0     0     0     0     0     0     0     0     0     0     0     0     0     0    49     0     0     0     0    10     0     0     0     0     0     0
 1989     2     0     2     0     0     0     0    10     0     0     8    23     0     0     0     0     0     0     0     0     0     0     2     0    45    52     0     0     0     0
 1990     0    75    14     0     9     0     1     5     0     0     7     1   237     3    42    51    49     0    32     3     0    83    11     0     0     6     5    55   103     1
 1991    23     1     0     0     0     0     0     0     0     1     0     0     1    60   134     0     0     0     1     0     0     0     0     0     0     0     0     0     1     1
 1992     0     2     0     0     0     1     0     0     0     0     0     0     0     1     0   137   103     0   114     3     0    22     8     0     0     0     0     0     0     0
 1993     2    49     2     3     0     0   224   168     1     0     0     5    53    60     0    31   109    46    79    75     0     0     0    43     2     0     0    57     0   171
 1994     0     0     0     0    32     0    40     4     0     0    40     0    79     0     0     0     0    18     0     2     0     0   159     2     0     0     0     1     0     0
 1995    17     3     0     0     0     3   151     3     0    14     1     4     0     0     0     0     0     0     0     0     0     0     0    37     0    50     2     0     0     0
 1996   110     1    12     1    24    60     4     0     0    10     9     0    97     0     0   160    47    65     2     0     7     0    33     2     0     0     0     0     0   172
 1997     0     0     0     0    82     2     4     0     0     0    22     0     0     0    28    10     0     1    14     5    75     0    18     3    22     0     0     0    10    27
 1998    10    10     0     0     3     1     0     0    55     0   115    34     0     1     0    70     0    42    63     0     0     0     0    65     7     0    10   327     0     0
 1999    13    17     0    65     0     0     0    23    17    83    12     0     0     0     0     8     0     0     0     0     0     0    28     0     0     0     0    15     0     0
 2000   466    28     0    53    49     0     0     0     0     0     4    40    90   100    10   135     0     0     0   111     0     0     0    10     0     8     0    40    11    13
 2001    22    84     0     0    84     3     0     0     0     2     0    11     0    56    52     0     0    40    17     0     8     6     0     0     0     0     0     0     0     0
 2002     0    22    43   133     1     0     0     0     0    12    23     0     7     0     0     0     5     0    50     1    20    28     0     0     0   151     0     0     0     0
 2003     0     0     5     0     3    98     5    20     0    10     6     0     0     6     0     0     0     0     0     0     0     0     0    57    55     3     0   114     0     0
 2004     6    12     0     0    27    10     0     0    18   160    49    42     2     0     0     0    70     6     0     0    29     0     9    31     0     0     0     5     0     0
 2005     0     0     0     0    20    35     0    66     0     0    15     0     0    19     5     0     0     0     0     0     0     0     0     0    76    97     1     5     2     0
 2006     0     0     0     0     0    95     0     0     4   100    52     0     0    33     0     0    13     7     0    27     0     0     0    20   138    62     5     0     0     0
 2007    48    25    20    41     0    29     0     0     0     0     0     0     0     0     0     4     8    32    52     0   107    76     0     0     0     0     0     0     0     0
 2008    40    05    36    00   202    34    20   660    03    00    03   224    00    00    10    00    00    00    00    00    05    00    00    00    00    00    57    24    87    00
 2009    00    00    00    00    00    08    00    85    00    00    00    00    25    00    00    12    14    62    43    03    10    21    00    07    00    00    05    00    00    00
 2010    00    57    00    52    60    05    00    61    01    13    27    01    09    03    57    00    00    45    05    00    00    00   136    00    00    42   179    00    00    00
 2011    00    24    00    00    00    05    00    00    00    61    24    00    01    00    90    46    00    00    50   104    65    38    01    00    01    00    00    00    00    00
 2012    00    00    01    11    00    00    00    00    00    00    32    00    00    00    27    00    08    00    00    00    79    00    00    00    00    00    00    00    00    00
