 1893 -9900 -9900 -9900 -9900 -9900 -9900 -9900 -9900 -9900 -9900 -9900 -9900 -9900 -9900 -9900 -9900 -9900 -9900 -9900 -9900 -9900 -9900 -9900 -9900 -9900 -9900 -9900 -9900 -9900 -9900 -9900
 1894     0     0     0     0    22     0     0     0     0     0     0     0     0     0     0     0     0     0    42    14     0     0    14     0     0     0     0    22     0     0     0
 1895     0     0    10     0     0     0     0     0     0     0     0     0     0    20     0     0     0    15     0    40     0     0     0    40     0     0     0     0     0    20     0
 1896     0     0     0     0     5     0     0     0     0     0     0     0     0     0     0     0     0     0     0     0     0     0     0    60     0     0     0     0     0     0     0
 1897     0     0    96     0     0     0     0     0     0     0     0    39     0     0     0    31    12     0     0     0     0     0    45     0     0     0     0     0     0     0     0
 1898     0     0     0     0     0     0     0     0     0     0     0    70     0     0     0     0     0     0     0    12     0     0     0     0     0     0     0     0     0     0     0
 1899     0     0     0     0    27     0     0     0     0     0     0     0     0     0     0     0     0     0     0     0     0     8     0     0     3     0     0     0     0     0     0
 1900     4     0     0     0     0     0     0     0    13     0     0     0    10     0    45     0    34     0     0     0     0     0     0     0     0     0     0     0     0     0     0
 1901     0     0     0     0     0     0     0     0    50     0     0     0     0     0     0     0     0     0     0     0     0     0     0     0     0    20     0     0    20     0     0
 1902     0     0     0     0     0     0     0     0     0     0     0     0     0     0     0     0     0     0     0    65    15     0     0     0     0    30     0     0     0    10     0
 1903     0     0     0     5     0     0     9     0     0     0     0     8     0     0     0     0     0     0     0     0     0     0     0     0     0     0     4     5     0     0     0
 1904    10     0     0     0     0     0     2     0     0     0     0     0     0     0     0     0    41     0     0     6     5     0     0     0     0     0     0     0     0     0     0
 1905     0     2     0     9     0     0     0     0     0     0    58     0     0     0     0     0     0     0     0     0     5     0     6     0     0     0     0     0     0     0     0
 1906    44   100     7     0     0     0     0     0     0     0     0     0     0    44    15    45     5     0     0     0    20     8     0     0     0     0     0     0     0     0     0
 1907     0    15     0     0     0     0    30     0     0     0     5     0     0     0     0     0     0     0    49     9     4     0     0     0     0     0     0     0    25     0    10
 1908     0     0     0     0     0     0     0     0     0     0     0     0     0     0     0     0     0     0     0     0     0     0     0     0     0     0     0     0     0     0    50
 1909     0     0     0     0     8     0     0     0     0     0     0     0     0     5    38     0     0     2     0     0     0     0     0     0     0     0     0    81    64     0     0
 1910     0     4     0    80    26     0     0     0     0     0     0    12    39     9     0     0     0    10     0     0     0     0     0     0     0     5     0     0     0     0     0
 1911    50     0     0    10    50     5     0    50     0     0     0     0     0     0     0     0    15     0     0     0     0     0     0     0     0     0     0     0     0     0     0
 1912     0     0     0     0     0     0     0    18     0     4     0     0     0     8     0     0     0    17     0     2     0     2     0     0     0     0     0     0     0     0    10
 1913     0     0     0    30     0    48     9     0     0     0     0     0     0     0     0     2     0     0     0     0     0    31     0     0     0     2     0     0     0     0     0
 1914    31     5     0     0     0     0     0     0     0     0     0     0     0     0     0     0     0    20     0     3     0     0     0     0    30     0     0    75    20     0     0
 1915     0     5     0     0     0     0    10     0     0     0     0    10     0     0     0     0    56     0     0    15     0     0     0     0     0     5     5     0     0    10    61
 1916    48     0     0     0     0     0     0     0     0     0     0    33     0     0     3     0     0     0    18     0    35     0     0     0     0    52    45     0    33     0     5
 1917    15     0     0     0     0     0     0     0     0     0     0    13     0     0     0     0     0     0     0     0    70     5     0     0     0     0    10     0     0     0     0
 1918     5     0     0     0     0    27     0     0     0     0     8     0     0     0     0     0     0     0     0     0     0     0     0     4     3     0     4    25     0     0     2
 1919     0     0     0     5     0     5     0     0     0     0     0     0     0     0     0     0     0     0     0     0     0     0     0     0     0     0     0     0     0     0     0
 1920     0     0    13     0    20    17     0     0     0     0     0     0     0    20     0     7     0     0    14     0     0     2     5     0     0     0     0     0     0     0     0
 1921     0     0     0     0     0     0     0     0     0     0     0     0    24     0     0     0     0     0     0    25     0     0     0     0     3     0     0     0     0     3     0
 1922     0     0     0   110     0     0     0     0     0     0     0     0     0     5     0     0     0     0     0     0     0     0     0     0     0     0     0     0     0     0     0
 1923     0    20     0     5     0     5     0     0     0     0     0     0     0     0     0     0     0     0     0     0     0     0     0     0     0     0    40     0     0     0     0
 1924     0    10     0     0     0     0     0     0     0    80     0     0     0     0    30     0     0     0     0     0     0     0     0     0     0     0     0     0     0     0     0
 1925     0     0     0     0     0     0     0     0     0     0     0    20     0     0     0     0     0     0     0     0     0     0     0     0     0     0     0     0     0     0     0
 1926     0     0    68    15     8     0     0     0     0     0    16    16     0     0     0     0     0     0     0     0     0     0     0     0     0     0     8     0     0     0     0
 1927     0     0     0     0     0     0     0     0     0     0     0     8     0     0     0     0     0    16     0     0     4     0     0     0     0     0     0     0     0     0     0
 1928     0     0     0     0     0     0     0     0     0     0     0     5     0    10     0     4     0     0    10     0     0     0     0     0     0     0     0     0     6     0     0
 1929     0     0     5     0    47     0     0     0    70     4     0     0     0    12     0     0     0     0     0     0     0    37     0    26     0     0     0     0     0    47     0
 1930     0     0     0     0     0     0     0     0     8     0    20     0    10    68     0     0     5     0     0     5     0     0     0     0     0     0     0     0     0     0     0
 1931     0     0     0     0     0     0     0     0     0     0     0     0     0     0     0     0     0    64     0     0     0     0     0     0     0     0     0     0     0     0     0
 1932    30     0     0     0    80     0     0     0     0     0     0    24    24    20    52     0    15     0     0     0     0     0     0     0     0    12    13     0     0     0     0
 1933     0     0     0     0     0     0     0     0     0     0     0     2     2     0     0     0     0    10     0     0     0    51     0     4     0     0    18     0     4     0     3
 1934     0     0     0     0     0     0     0     0     0     0     0     2     2     0     0     0     0    10     0     0     0    51     0     4     0     0    18     0     4     0     3
 1935     0     0     0     0     0     0     0    15     8     0     0    40    22     0     0    34    17     0   109     2     0     0     0     0     2     0     0     0     0     0     0
 1936     3    13     0     6     0     4     0    15     0     0     0     0     0     0     0     0    19    20     0     0     0     0     0     0     0     0     0     0    10     0     0
 1937     0    25     0     0     0    12     0    87     0     0     0     0     0     0     0     0     0     0     0    26     0     0     0    10     0     0     0     0     0    60     0
 1938     0     0     0     0     0     0     0     0     5     0    16     0     0    10     0     0     0     0     0     7     0     0    30     8     0     0     0     0     0    19     0
 1939     0     0     0     0    19     0     0     0    18    12     0     2     5     0     0     0    13    20     0     0     0     0     0    15     0     2     0     0     0     0     0
 1940     0     0     0     0     0     0     0    18     0     0     2     0     0    50     8     0    15     0     0     0     0     0     0     0     0     0     0     0     0     0     0
 1941    19    45     0     0     0     0     2     0     0     0     0     0     0     0    23     8    21     3     0     0     0    17     0     0     0    15     0     0     0     0     0
 1942    22    29     0     0     0     0     0     0     0     0     0     0     0     0     0     0     0     0     0     0     0     0     0     0     0     0     0     0     0     0     0
 1943     0     0     0    22     0     0     0     3     0     9     0     0     0     0     0    22     0     9     6     0     0     0     0     0     0     0     0     0     0     6     0
 1944     0     0     0     0     9     0     0     0     0     0     0     0     0     0     0     0     0     0     0     0     0     0     0     0    11     0    27    46     0     0     0
 1945     0     0     0     0     0     8     0     6     0    18     0     0     0     0     0     0     0    35     0     0     0     0    23     0     0     0     0     0     0     0     0
 1946     0     0     0     0    26   180     0     0     0     0     0    12     0     0     0     0     0     0     0     6     0     0     0    16     0     7     0     0     0     0    33
 1947     0     0     4     0     0     0     0     0     0     0     0     0     5     0     0     5     0     0     0     8     0     0     0     0     0     0     0     0    48    72     3
 1948     0     0     0     0     0     0     0     0     0     0     0     0     0     0     6     0     0     0     3     0     0     0     0     0     0     0     0     0     0     0     0
 1949     0    10     0    34     0     0     0     0     0     0     0     0     0     0    30    10     0     4    13     0     7     0    35     0     0     0    10    40     0     0     2
 1950     0     0     0     0     0     0     0     0     0     0     0     0    51     0     0     0     0     0     0     0     0     0     0     0    65     0     0     0     0     0     3
 1951     0     0    27     0     6    21     0     0     0     0     0     0     0     0     0     1     0     0     0     0     1     0     1     1     0     0    23     5     0     0     0
 1952     0     0     0     0     0     0     0    34     0     0     0     0     0     0    64     0     0     0    22    34     0    32     4     0     5     7     0     0     0     0     0
 1953     0     1     0     0     1     1    11     0     0     0     0     0     0     0    28    17     0     5     0     0     0     0     1     0     0     0     0     0     8     1     0
 1954     0     0     0     0     0     0     0     0     0     0     0     0     0     0     0     0     0     0     0     4     3     0     0     0     0     6    46     0     0     0     0
 1955     0     0     0     0     5     0     0     0     0     0     0     1     1     0     0     0     0     0     0     0     9     1     0     0     0     3     1     3     0     0     0
 1956     0     8     0     0     0     0     0     0     0     0     0     0     0     0     1    15     0    16    11     1     0     0     0     0     0     0     0     3     0     0     0
 1957     0     0     3     1     0     0     3     0     0     5     0     0     0     0     0     0     1     1     0     1     1     0     0     0     9     1     0     1     2     0     0
 1958     5     1     0     0     0     0     0     0     0     0     0     0     0     0     0     1     1     0     0    14     0     0     0     0     0     3     8     0     1     1     0
 1959     1     7     4     0     0     0     0     0     0     0     0     0     0     1     0     0     0     0     4     0     9     1     0     1     9    10     0     0     1     8     0
 1960     0    12     1     0     0     0     0     0     0     0     0    38     2     1     8     0     0     5     1     0     0     0     0     0     1     0     1     0     0     0     0
 1961     0     7     0     0     0     0     0     0     0     0     0     0     0     0     0     0     0     0     0     1     1     0     0     0     0     4     1     0     0     0     0
 1962     0     0     0     0     0     0     0     1     0     0     0     2     1     0     0     0     0     0     0     1     6     1     0     0     0     0     0     0     0     0     1
 1963     1     1     0     1     0     0     1     0     0     1     1    29     1     1     0     0     0     3     1     1     1     5     0     0     0     1     1     0     0     0     0
 1964     0     0     0     0     0     1     0     0    20     1     0     0     0     0     0     1     0     0     0     1     0     0     0     1     1     0     1     0     0     0     0
 1965     0     1     0     0     0     0     0     0     1     0     0     0     5     0     7     0     0     0     0     0     0     0    25    12     0     0     0     2     0     0     0
 1966     0    61     5     0     0     1     7     0     0     0     0     1    15     1     0     0     0     0     0     0     5     0     0     0     0     0     0     0     0     0     0
 1967     1     0     0     1     0     0    40     3     0     0     0     0     0     0     0     7    15     0     4     0     0     0     1     0   125     0     0     0     0     0     0
 1968     0     0     6     0     0     1     0     1     0     0     0     1    16     0     0     0     0     0     0     0     0     0     0     0     1     0     1     9    41     0     1
 1969     0     0     0     0     1    21     1     1    14     0     0     0     0     0    12    50     0    50     0     0     0     0    27    60     2     0     0    14     0    32     0
 1970     1     0     0     1     0     0     0     0     0     0     0     1     0    20     1     1     4     1     0     0     0     0     1     0     1     1     4     0     3     1     0
 1971     0     0     0   115     0     0     0     0     3     0     0     0     0     1     0     0    10     0     0     0     0     0     0     0     0     1     0     1     8    10     0
 1972     0     0     0     0     0     0     0     0     0     0     0     0     0     0     0     0     0     0     0    15     0     0     0     0     0     0     0    28     0     0     5
 1973     0     0     0    67     0     0     0     0     0     0     0     0     0     0     0     0     0    15     0     0     0    31     0     0     0     0     0     0     0     0     0
 1974     0     0     0     0     0     0     0     0     2     0     0     0     0     0     0     0     0     0     0     0     0    12     0     0     0     0     0     0     0     0     0
 1975     0     0    22     0     0     3     0     3     0     0    19     1     0     0     2     1     0     7     0     0     2     0     0    10     0     1     0     0    14     0     0
 1976     0     1     0     0     0     0     6     0     0     0     0     0     0     0     1     6     0     0     0     0     0     0     0     0     1     1     0     0     0     0     0
 1977     1     7     0     0     0     0     0    21     0     5     0     0     0     0     0     0     0     0     0    18     0     0     1     0     1     0     0     0     0     0     0
 1978    60     0     1     0     0     1     1     1     0     0     0     0    14     1     1     1     0     0     3     0     0     1     0    16     0    12     0     0     0     0     0
 1979     4     0     0     0     0     0     0     0     1     0     0     6    31     8     0    13     1     0    13     4     1     0    21     7     0     0     6     7     0     1     0
 1980     1     1     0     1     4     1    38     0     1     0     1     0     0     0     0    32    51     0     0     0     0     0     0     4     0     0     1     0     0     1     5
 1981     3     0     0     0     0     4     0     0     1     1     1     0     0     4     0     0     0     0     0     0     0     0     0     0     0     0     1     1     1     0     0
 1982    11     1    14    13     3     0     0     0     1     1     1     0     0     1     7     6     1    12     0     0     3    34    24     1    16     0     0     0     0     7     1
 1983     0     0     0     0     0     1     0     0     0     1     1    13     0     0     0     0     1     0     0     0     0     0    11     0     0     0     0     0     0    31     0
 1984     1     1     0     0     0     0     0     0     1     0     0     1     0     1     0     1     1     0     0     1     0     0     1     6     0     0     0     5     0    16     0
 1985    20     0     0     0     0     0     1     0     0     8     7     0     0     1     0     0     6    13     0     0     1     0     1     7     1     0     1     0     6    19     1
 1986     0    15    20    12     0     0     0     0     0     0     0     0     0     0     0     0     0     0     0     0    35     0     0     0     0     0     0     0     2     0     0
 1987     0     0     0     0     0    12     0     0     1    12     0     0     0     0     0     0     1     1     0     0     1     4     0     0     0     0     5     0    17     0     0
 1988     0     0     0     0     0     0     0     0     0     0     0     2     0     0     0     0     0     0    18    38     0     5    11     0     4     0     1     0     0     1     1
 1989     0     0     0     0     1     1     4     1     0     0     4     0     0     0     0     0     0     0     0     0     0     0     0     0     7     1     0     0     0     0     0
 1990     0     0     0     0     0     0     0     0    23     1     1     0     0     0     0     0     0     0     0    42    11     0     1     0     2     0    10     0     0     0     0
 1991     0    13     0     0    24     0     0     2     0     1    36     1     1     0     0     0     1     0     0     1     0     2     1     0     0     0     0     0     1     0     1
 1992     1     1     1     0     1     1     1     5     1     1     0    23     1     1     8     0     1     0     0     0     0    14    18     0    33     0     0     1     0     0     0
 1993     0     1     6     1     1     0     1     0     1     0     1    41    51     0     1     1     0     0     0     9    10     1     0     0     0     0     3     0     0     0     0
 1994     1    13     5     1    11    16     1     0     0     4     0     1     2     0     0    23     1     0    11     0     0     0     0     0    25     1    52     1     9     0     0
 1995     0     0     0     0     0    15     0     0     4     1     0     0     0     0     0     0    23     0     0     0     0    10     0     0     1     0     9     3     0     0     0
 1996     0     0     0     0     0     0     0     0     0     0    42     0     0     0     0     1     5    52    77     0     0     0    10    37    24    50    71     1     4     0     0
 1997     0     0     1    43     4     0     0     0     1     6     0     0     0     1    12     0     0     0     1     0     1     3     1    23     0     7    11     0     0     0     0
 1998     0     0     1     9    48     1     0     0     1     0     0     3     0    14     0     1     7     0     1     0    16     5     4     1     1     1     0     0     0     0     0
 1999     0    45    12     0     1     3     0     0     0     0    15     0     0     9     0     0     5     2     0     0     0    35     1     9     0     0     0     0     1     0     0
 2000     0     0     0     1     0     1     0     0     0    20     0     0     4     0     0     0     0     0    35     0     0     0     0     0     0     0     0     0     0     0     0
 2001     0     0     0     0     0     0     0     0     0     0     0     0     0    22     0     0     0     1     1     0     0     0     0     0     0     2     0     0    24    49     0
 2002     0     0     0     0     0     0     0     0     0     0     0     0     0     8     0     9     0     0     0     0     0     0     0     0     0     0     0     0     0     0    11
 2003     0     0     0     0     1     0     0     0     0     0     0     0     0     6     0     0     0     0     0     0     0     0     0     0     0     0     1    20     0     0    28
 2004     2     3     0     0     2     0     0     0     0     0     0     0     0     0     0     0    20     0     0     0     0     0     0     0     0    14     8     0     1     0     0
 2005    15    25     0     1    26    33     0     0     0     0     0     0     0     0     0     0     0     0     1     1    20    45     0     0     0     0     0     0     0     0     0
 2006     0    55     0     0     0     0     0     0     0     0     0     0     0     0     0     0     1     1     0     0     0     0     0     0     0     0     0    17     0     1     0
 2007    16     0     0     0     0     0     0     0     0     0     0     0     3     3    20     0     0     1     0     0    38     0     0     0     0     0     0     0     1     1     1     
 2008     0     0     0     0     0     0    22     1     0     0     0     1     1     0     0     2    27     0     0     0    15     3     1     0     3     6     0     0     0     0     0
 2009    00    00    00    02    00    00    01    00    24    00    02    10    01    13    00    00    01    03    02    00    00    00    00    00    00    00    00    00    00    00    00
 2010    00    00    00    00    00    00    20    00    00    00    00    00    00    00    00    00    00    00    00    00    01    01    15    48    00    01    00    00    00    00    00
 2011    00    00    00    00    01    00    00    00    00    00    13    00    01    00    08    00    25    01    01    00    00    04    00    00    00    01    02    00    01    01    27
 2012    00    00    00    00    00    00    00    00    00    00    00    22    04    00    00    00    03    00    00    38    00    01    12    00    00    00    00    00    03    00    00
 2013    00    00    00    00    00    00    00    00    00    00    19    00    00    00    00    00    00    00    00    00    00    00    03    00    00    00    31    00    00    28    01