 1893 -9900 -9900 -9900 -9900 -9900 -9900 -9900 -9900 -9900 -9900 -9900 -9900 -9900 -9900 -9900 -9900 -9900 -9900 -9900 -9900 -9900 -9900 -9900 -9900 -9900 -9900 -9900 -9900
 1894     0     0     0     0     0     0     0     0    21     0     0    13     0     0     0     0     0     0     0     0     0     0     0     0     0     0     0     0
 1895     0     5     0     0     0    50     0     0     0     0     0     0     0     0     0     0     0     0     0     0     0     0     0     0     0     0     0     0
 1896 -9900 -9900 -9900 -9900 -9900 -9900 -9900 -9900 -9900 -9900 -9900 -9900 -9900 -9900 -9900 -9900 -9900 -9900 -9900 -9900 -9900 -9900 -9900 -9900 -9900 -9900 -9900 -9900
 1897     0     0     0     0    21     8     0     0     0     0     0    19     0     0     0     0     0     0     0     0     0    38     0     0     0     0     0     5
 1898     0     0     0     0     0    22     0     0     0     0     3     0     0     0     0     0    12     0    65    27     0     0     0     0     0     0     0     0
 1899    11     0     0     0     0     0     0     0     0     0     0     0     0     7     0     0     0    26     0     0     0    30    10     0     8    35    16     0
 1900     0     0     0     0    30     0     0    76     0     0     0     0     0     5     0     0     0     0     0     0     0     0     5     0     0     0     0     0
 1901     0     0     0     0     0     0     0    43     0     0     0     0     0     0     0     0    40     0     0     0     0     0     0     0     0     0     0     0
 1902     0     0    18     0     0     2     0     0     0     0    30     0     0     0     0     0     0     0     0     0     0     0     0     0     0    49    26    10
 1903     0     0     0    52     0     0     0     0     0     0     0     0     0     0     0     0     0     0     2     0     0     0     0     0     0     0    37    18
 1904     0     0     0     0     0     0     0     0     0     0     0     0     0     0     0     0     0     0    30     0     0     0     4     0     0     3     0     0
 1905     0     0     0     0    39     0     0    38     0     0    12     0     0    15     0     0     0     0     0     0     0     0     0    14     0     0     0     0
 1906     0     0     0     0     0     0     0     5     0     0    16     0    45     0     0     0     5     0     0     0     0     0     0     0     0     0     0     0
 1907     0     0     0     5     0    40     0     0     0     0     0     0     0     0     0     0     0     0     0     0     0     0     0     0     0     0     0     4
 1908     0     0     0     0    60     0     0     0     0     0     0    15     0     0     0     0     0    45     0     0     0     0     0    25     0     0     0     0
 1909     0     0     0     0     0     0     0     0     0     0     0     0     0    10    42    78     0     0     0     0     0     0    40    30     0     0     2     0
 1910     0     0     0     0     0     0     0     0     0     0     0     0     0     0     0     0     0     0     0    21     0     5     0     0     0    65     0     0
 1911     0     0     0     0     0    75     0     0     0     0     0     0    50     0     0    10     0     0     0     0     0     0     0     0     0     5     0     0
 1912     9     0     0     3     0     0     0     0     0     0     0     0     8     0     0     0     0     0     0     0     0     5     0     7     0    18     0     0
 1913     0     0     0     0     0     0     0     0     0     0     0     0     0     0     0     0     0     0     0     0    14    39     0     0    14     0     0     0
 1914     0     0     5     0    23     0     0     0     0     0     0     0     3     0    10     0     0     0     0     6     0     0     0     0     0     0     0     0
 1915    85     0     0    21    10     0     0     0     0     0     0     0    56    24     0     0     0     0     0    81    32     0    87     0     0     0     0     0
 1916     0     0     0    40     0     9     0     0     0     0     0     8     0     0     0     0     0     0     0     0     0     0     0     0     0     3     0     2
 1917    20     0     0     5     0     0     4     0     0     0     0     0     0     2     0     0     0     0     0    45     0     0     0     0     0     0     0     0
 1918     0     0     0     0     3     0     0     0     0     0     0     0     0     0     0     8     0     0     0     7     0     0     0     0     0     5     0     0
 1919     0    15     0     0     0     0     0     0     0     0     0     0    35     2     0     0     0     0     0     3     0     2     0    17     0     7    48    18
 1920     0     0     0     0     5     0     0     0     3     0     0     0    12     0     0     0     0     2     0     0     5     2     0     0     0     0     0     0
 1921     0     0     0     0     8    38     0    10     0     0     0     0     0     0     0     0     0     0     0     0     0     0     0    10     0     0     0     0
 1922    86     0     0     0     0     0     0     0     0     0     0    20     0     0     0     0     0     0    22     0    22   194    38     0     0    10     0     0
 1923     0     0     0     0     0     0     0     0     0    10     0    60     0     0     0     0     0     0     0     0     0     0     0     0     0     0     0     0
 1924     0     0     0    50     0     0     0     0     0     0     0     0     0     0     0     0    10     0    15     0     0    10    10     0     0     0     0     0
 1925    24     0     0     0     0     0     0    50     0     0     0     0     0     0     0     0     4     0     0     0     0     0     0     0     0     0     0     0
 1926     0     0    10     0     0     0     0    10     0     0     0     0     0     0     0     0     0     0     0     0     0     0     0    10    30     0     0     0
 1927     0     0     0     5     0     0     0     0     0     0     0     0     0     8     0     0     0     0     0     0     0     0     0     0     0     0     0     0
 1928     0     0     0     0     0     0   125    11     0     0     0     0    15    20     0     0     0     0     0     0     4    90     0     0     0     0     0     0
 1929     0     0     0     0     0     0     0     7     0     0     0     0     0     0     0     0    41     0     0     0     0     0     0     0    28    58     0     0
 1930     3     0     0     0     0     0     0     0     0     0     0     0     6     0     0    10     5     0     0     0     0     0     0     0     5     0     0    29
 1931     0     0     0     0     0    40     0     0     0     0     0     7     0     0     0     0     0     0     0     0     0     0     0     0     0     0    26     0
 1932    35     5     0     0     0     0    18     0     0     0    19     0     0     0     4    29    45     0     0     0     0     0     0     0     0     0     0     0
 1933     5     0     0     0     0     0    13     0     0     0     0     0     3     0     0     0     0     0    24     0     0     0     0     0     0     0     0     0
 1934     5     0     0     0     0     0    13     0     0     0     0     0     3     0     0     0     0     0    24     0     0     0     0     0     0     0     0     0
 1935     0     0     0     0     0     0     0     0     0     0     0     0     0    22     0     0     0     0     0     0     0     0     0    15    22     0     0     0
 1936     0     0    25     5     0     4     0    25     0     0     0     0    18     0     0     0    25     0     0     6     0     0     0     0     0    48     4     0
 1937     0     0     0    12     0     0     4     5     0     0     0     0     0     0     7     0     0     0     0    35    66     0     0     0     0     0     0     0
 1938     0     6     0     0     6     0     0     0     0     0     0     5     0     0     0     0    28     5     0     0     0    12     0     0     0     0     0     0
 1939    15     0     0     0     0     0     0     2     0    50     0     0     0     0     0     0    18     0     8     0     0     0    18     0     0     0     0    75
 1940     0     0     0    18     2     0     0     0     0     0     0     0     0     0     0     0    10     7     0     0     0     6     8    20     0     0     0     0
 1941     0     0     0     0     0     0     0     0     0     0     0     0    11     0     0     0    14     0     0     0     0     0     0     0     0     0    10     0
 1942     0     0     0     0     0     0     0     0    10    22     0     0     0     0     0    60     0     0     0     0     0     0     0     0     0     0     0     0
 1943    15     0    28     0     0     0     0     0     0     0     0     6     0     0     0     0     0     0     0     0     0     0     0     0     0     3     0     0
 1944     0     0     0     0     0     0     0     0     0     3    10     0     0     3    17     0     2     0     0     0     0    32    15     0     0    10     0     0
 1945     0     0     2    23     0     0     8     0     0     0     0     0     0     0     0     0     0     0     0    10     0    63     0     0     0    50     0     0
 1946     0     3     0     0     0    10     0     0     0     0     0     0     0     2     0     0     0     0     5     0     0     0     0     0     0    17    19     0
 1947     0     0     0     0     0     3     0     0     0     0     0     0     0     0     6     0     0     8     0     0     0     0     0     0     0     0     0     0
 1948     0     0     0     6     0     0     8     4     0     0    10    11     0     0     0     0     0     0     0     0     0     0     0     2    10     0     0   146
 1949     0     0     4     0     0     0     0     0     0     0     0     0    17     0    17     0     0     0     0     0     5     0     0     0     0     0     0     0
 1950     0     0     0     0     0     0     0    91     0     0     0     0    18    34     0     0     0     0     0     0     0     0     0     0     0     0     0    18
 1951     4     0     0     0     0    39     0     0     0     0     0     0    25     0     0     0     0     0     0     0     0     0     0     0    15    67     0     0
 1952     0     0     0     0     0     0     0     0     0     0     0     0     0     0     0     0     0     0    32    17     0     0     4     0     0     0     0     0
 1953     0     0     0     0     0    16     0     0     0     5    37    23     0     0     0     0     0     0     0    57     8     0     0     0     0     0     0     0
 1954     0     0     0     0     0     0     0     0     0     0     0     0     0     0     0     0     0     0     0    17    26     0     2     0     0     0     0     0
 1955     0     0     0     0    13     0     0     0     0     2     0     0     0     0     0     0     0     0    12     8     0     0     0     7     0     0     5     0
 1956     5    14     0     0     0     0     0     0     0     0     0     0     0     0     0     0     0     0     0     0     0     0     0    37     0     0     0     0
 1957     0     0     0     0     0     0     0     0     0     0     5     0     0     0     0     0     0     0     0     0     0     9     0     0     5     0     0     0
 1958     0     0     0     0     0     0     0     0     0     0     0     0     0     0     3     0     0     0     0     0     0     0     0     0     0     0     0     0
 1959     0     0     2     0    11     0     0     0     0    42    12     0     0     0     0     0     0     0     0     0     0     0   105     0     0     0     0    10
 1960     0     0     0     0    32     0     0     0     0     0     0     0     0     0     0     0     0     0     0     0    23     3     0     0     2     0     0     0
 1961     0     0     0     0     0     0     0     0     0     0     0     0     0     0     0     0     0    72    26     0     0     0    37     3     0     0     0     0
 1962    13     0     0     0     0     0     0     0     3     0     0     0     0     0     0    14     0    16    22     0    18    27     0     0     8    48     0     3
 1963     8     0     0     0     0     0     0     0     0     2     2     0     0     0     0     0     0     0    49     0     0     0     0     0     0     0     0     8
 1964     0     0     0     0     0     0     0     0     0     0     0     0     0     0     0     0     0     0    16     0     0     0     0     0     0     0     0     0
 1965    22     0     0     0     0     0     0     0     2    39     0    51     0     0     0     0     0     0     0     0     0     0     0     7     0     0     0     0
 1966     0     0     0     0     0     0     0    87    61     5     0     0     2     0     0     0     0     6     2     0     0     0     0     0     0     0     0     0
 1967     0     2     0     0    25     2     0     0     0     0     0     0     5     0     0    15     0     6    14     0     0     0     5     0     0     0     8     0
 1968     7     4     0     0     0     0     6     0     0     0     0     0     0     0     0     0     0     0     0     3     0     0     0     0     0     2     0     0
 1969     0     0     0     0     0     0     3     0     0     0     0     0     0     0     0     0     0     0     0     0     0     2     0     0     0     0     0     0
 1970     0     0     0     0     0     0    14     0    19     0     0     0     0     0     0     0     0     0     0     0     0     0     0     0     0     0     0     0
 1971     0     0     0     0    41     0     0     0     0     0     0     2     0     0     0     0    10     0   117    31     0     0    42     0     0     2    17     0
 1972     0     5    14     0     0     0     0     0     0     4     0     0     0     0     0    25     0     0     0     0     0     0     0     0    10     0     0     0
 1973    13    58     0     0     0     0     0     0     0     0     0     0     2    14     0     0     0     0     0     0     0     0     0     0     0     0     0     0
 1974    14     0     0     0    14     0     0     0     0     0     0     0     0     0     8     0     0     0     0     0     0    78     0     0     0     0     0     0
 1975     0     0     0     0    22    20     0     0     0     0     0     0     0     0     0     0    34     0     0     0     0     0     0    60     0     0     0     0
 1976    10     0     0     0     0     0     0     0     0     0     0     0     0     0    19     0    31     0     0     0    51     0     0     0     0     0     0     0
 1977     0     0     0    10     0     0     0     0     0     0     0     0     0     0     0     0     0     0     0     0     0     0    41    49     0     0     0     0
 1978    11    11    12     0     0     0     0     0     0     0     0     0     3     5     0     0     0     0     0     2     0     0     6     0     0     0     2     2
 1979     0     0     0     0     0     0     0     0     0     0     8    20     0     0     0     0     0     0     0     0    10     0    10     0     0     0     0     0
 1980     0     0     0     0     4    23     0     0     0     0     0     0     0     0     0     0     0     0     0     0     0     3     0     0     3     0     0    15
 1981     9     0     0     0     0     3     5     0     0    15    10     0     0     0     0     0     0     0     0     0     0    89    25     0     0     0     0    15
 1982     0     0     6     0     0     3     0     0     0     0     0     0     0     0     0     0     0     0     0     0     0     0     0     0     0     0     0     0
 1983     0    68    10     0     0    10     0     0     0     3     0     0     0     0     0    25     0    11     0     0     0     0     0     0     0     0     0     0
 1984     0     0     0     0     0     0     0     0     0     0     0    12     0     0     0     0     0     0    23     0     0     0     0     0     0     0     0     0
 1985     0     0     0     0    11     0     0     0     0     0    16     3     0     0     0     0     0     0     0     0    25    15     0     9     0     0     0     0
 1986     2     0     0    75     0     0     0     0     0     0     0     0     0     0     0     0     0     0     0     0     0     0     4     0     0     0     0     0
 1987     0     0     0     0     0     0     0     0     0     0     0     0     0     0     0     0     0     0     0     0     0     0     0     0     0     0     0     0
 1988     3     0     0     0     0     0     0    15     0     0     0     0     0     0     0     8     0     0     0     0     0     0     0     0     0     0     0     0
 1989     0     0     0     0     0     0     0     0     0     0     0     0    15     0     0     0     0     8     0     0     0     0     0     0     0     0     0     3
 1990     0     1     8     0     0     0     0     0     0     0     0     0     0     0     4    24     0     0     0     0     0     0     9     3     0     0     0     0
 1991     0     0     0     0     0     0     0     0     0     0     0     0     0    10     0     0     0     5     1     0     0     0     0     0     0     1     1     0
 1992     0     0     0     0     0     0     1     0     0     1     0     0     5     1    17     1     0    25    12     0     0     1     0    13     0     0     0     0
 1993     0     0     0     0     0     1     1     1    18    14     2     7     1     0     0     1     0     0     0     1    49    20     0     0     0     0     0     0
 1994     0     1     0     0     0     0     4     6     1     0     1     1     0     0     0     0     0     0     1     0     0     0   117     1    27     0     0     7
 1995     0     0     1     0     0     0     0     0     0     0     0     0     0     0     1     0     0     0     0     0     0     0     0     0     0     0     0     0
 1996     0     0     0     0     0     0     0    10     0     0     0     0     0     0     0     0     0     0     0     0     0     0     5     0     0     2    15     0
 1997     0     0     0    57     0     0     1     0     0     1     1    10     0     2     0    12     0     0     0     3     0     0     1    45     0     0     5     0
 1998    48     5     0     0     0     0     0     0     0     2    24     0     0     1     1     0    17     1     0     0     1     0    17     0     0    51    97     8
 1999     1     1     1     0     0     0     0     0     0     0    37     1     0     0     0     0     0     0     0     0     0     0     0    11     0    28     2     0
 2000     0     0     0     1     0     0     0     0     0     0     0     0    22     0     0     0     0    19     0     0     0     0     0     5     1     2     0     0
 2001     0     0    10    14     0     0     1    28    49     0     0     0     0     3     0     0     0     0     0     0     0     1     0     1     0     1     0     0
 2002    15     0     0     0     0     0     0     0     0    27     0     0     0     0     0     0     0     0    46    35     8     0     0     0     0     0     0     0
 2003     0     1     0    19     0     0     0     0     0     0     0     0     0     0     1     0     0     0     0     0     0     0     0     1     0     0     0     0
 2004     1    37     0     0     0    45     1     0     0     0     0     0     0     0     0     0     0     0     0    12     0    24     0     0     0     0     0     0
 2005     0     0     0     0     0    20    15     0     0     0     0     0    10    26     0     0     0     0     0    26     0     1     0     0     0     0     1     1
 2006     0     0     1     0     0     0     0     0     0    14     0     0     0     0     0    28     0     0     0     0     0     0     0     0     0     0     0     0
 2007     0     0     0     0     0    20     0     0     0     0     0    35     0     0     0     0    02     0     0     0     0     0     0    71    66    08     0     0
 2008     0    01     0    24     0    02    00    00    02    00    01    15    00    30    00    00    15    00    00    01    00    01    00    00    00    00    00    13
 2009    00    00    00    00    00    00    00    00    07    00    00    00    00    00    00    00    00    00    00    00    24    00    00    00    01    62    01    00
 2010    01    18    00    00    00    00    01    10    24    00    00    00    00    00    05    00    00    00    00    10    00    00    00    00    00    00    00    00
 2011    12    13    00    00    00    04    00    00    00    00    01    00    00    00    00    00    00    00    00    70    24    04    00    00    00    04    01    00
 2012    00    00    00    00    00    00    00    00    00    01    00    00    05    03    00    00    00    00    00    00    11    00    00    06    00    00    00    82
 2013    00    07    03    20    05    00    08    00    00    39    18    00    00    01    00    00    00    00    01    00    00    32    00    00    00    00    14    00