 1893 -9900 -9900 -9900 -9900 -9900 -9900 -9900 -9900 -9900 -9900 -9900 -9900 -9900 -9900 -9900 -9900 -9900 -9900 -9900 -9900 -9900 -9900 -9900 -9900 -9900 -9900 -9900 -9900 -9900 -9900 -9900
 1894 -9900 -9900 -9900 -9900 -9900 -9900 -9900 -9900 -9900 -9900 -9900 -9900 -9900 -9900 -9900 -9900 -9900 -9900 -9900 -9900 -9900 -9900 -9900 -9900 -9900 -9900 -9900 -9900 -9900 -9900 -9900
 1895     0    49    12     0     0    59     0     0     0     0    18    28     0     0     4     0     4    67     0    22     0     0     0     0     0     0     0     0     0   179     0
 1896    10     4     0     0     0     0     0     0     0     0     0     0    85    13    49     0     6     0     0     0     0     4     3     0    85     0   101     0     0    30     0
 1897     0     0     0     0     0     0     0     0     0    25     0     0    22    18     0     0     0     0     0     8     0     0     6     0     0     0     0     0     0     0     0
 1898    32     0     0    11    16     0     0     0     0     0     0     0     0    62     0     0    40     0     0    30    70     0     0     0     0     0    66     2     0     0    38
 1899     0     2    20     0     0     0     0     0     0    23     0     0     0     4     0    36     0     0     0     0     0    37     0     0     4    76    11   104     0     0    16
 1900     0     0    18     0     0     0   174     0    16     0     0     0     0    67    16     0     0     0     0     0     0     0    10     0     0     0     0    33     0     0     0
 1901     0    96     0     0    39    35    54     0     0     0     0     0     0     0     0     0     0    21     0     0     0     8   105    30     0     0     0     0     0     0     0
 1902    15    45   134   135     2   110     0     0     0    42     0    44    27     0     0     4    52    85     0    55   335    37     0    33     0     3     0     0     0     0     4
 1903     0    57     9     0    25     0     0     0    20    42    12    12    34     0     0     0    65     0    20     0     0    49    25     0    58   189    58     0     0     0     0
 1904     0     0     0     0     0    20     0    66     0     0     0    54     0     0     0     0     0     0     0     0     0     0    54   165   126    34     0     0     0     0     0
 1905    10    12     0    10     0     0     6     0    54    56   186     0     0   110    25    26     6     0     0     0     0     0     0     0     0     3    28     3   113     0     0
 1906    46     8     6     0     0     0     0    84    14     0    26     0    65     3     0    34     0     0     0     0     0     0     0    81    61   102    16    10     0     0     0
 1907     0     0     0     0     0     0     0     9     0     3     0     0     0    24     0     3     0     0     0     0    30     5    25    33     4     0     0     0     0     0    46
 1908     0     0     0   125     0     0     0     0     0     0   100     0     0    25     0    90     0   105     0     0    60     0     0    83    51     0     0    86    26     2     0
 1909     7     0     0     0     0     0     3     0     0     0     0     0     5    19   135     0     0    10     0     0     6     7     4     0    21     0     0     0     3     0    25
 1910     0     0     0     0     0     0     0     0     0     0     0     0     0     0    15    78    34     0     0     0   210     0     0     0     0     0     0    45     0     0     0
 1911    94     0     0     0     0     0     0     0     0     0    18     0     0    95     0    14     0     0    99     0    51    79    17     0     0     0    19     3     0     0    80
 1912     0    44     0     0     0     0     0     3     0    19    52     0     0    18     0     0     0    10    18     3     0     0     0     0     0    86    29    26     0     0     0
 1913     0     0    35    85     0     0     4    54     0     0     0     0    93    66    22     0     0     0    66    98     0     3     0     0     3     0    38     0     0     0     0
 1914     0     0    13     0     0     0     0     0     0     0   160     0     0     0     0     0     0     0     0    31    25     0     5   328     0     0     0     0     0     0    10
 1915     0    51    72   140     2    55     0     0     0     0     0     0     0    27     0     2     0    15    11    70    95     0     6     0    23     7    10    61    68     0     0
 1916     0     0     0     0    28     2     0    10     0     3     0     0     0   185     0     3     0     0     0     0    45    26     0     5     0     0     0   102     0     0     6
 1917    42     0     0    12     0     0     0     0     6     0     0     0     0     0     0     0     0     0    81     5    10    15     0     0     0    20    83     0     0    56    41
 1918     0     0     0     0     0     0     3     0    80   172     0     0     0     0     0     0     0    61    87    52     0    14     0     0     0    12    18    79    30     4    28
 1919     9     0     0    79     5     7   132     0     0     0     0     0     0     3     0     8     0     0     2     0     3     0    11     0     0     0     0     0     0     0     0
 1920     0     0     0     0     0     0     0     2     0     0   126    35     0     0     0     0    15     0    62    19     0    27   143     0     0     0     0     0     0     0     0
 1921 -9900 -9900 -9900 -9900 -9900 -9900 -9900 -9900 -9900 -9900 -9900 -9900 -9900 -9900 -9900 -9900 -9900 -9900 -9900 -9900 -9900 -9900 -9900 -9900 -9900 -9900 -9900 -9900 -9900 -9900 -9900
 1922     0     5    20     0     0     0     0     0    35     0     0    40     0     5     0     0     0    80     5     0     0     0     0    75    20     5     7     0     0     0    90
 1923     0     0     0     0     0     0    16     2     0     0     0     0     0     0    25     0     0     0    63     0     0     0     0     0     0     0     0     0     9     0     0
 1924     0     0     5     0     0     0     3     0     3     2     0     0    82     4    35     0     0    31    33     6     0     0    20    21    10    23     0     0     0     0     0
 1925     0     0     0     2     0     0     0     0     2     0     0     0     0     0    78    20     0     0     0    20     0     0     0    20     0     0     0     0     0     0     5
 1926     0    37     0     3     0     0     0     0     0     0     0     0    12     0     0     0     0    54     0     5     8     0     5     0     6    16     0     0     0     0     0
 1927     0     7    16     0     0     0     0    30   160     9     2     0     4     2     0     0     0     0     9     0    95     0   116    65     0     0     0   202     0     2     0
 1928     0     0     0    95     0     0     0     0     0     0     0     0     0     0     0    18    37    15     6     0     0     0     0     0     0     0     0     0     0     0     0
 1929     3     0     0     0     0     0     0     0     0     0   118     0     0    40     3     2     0    10     0     0     0     0    32     0     0     0    17    12   101     0     0
 1930    15    27     0     0     9   171    13     0     5    67    32     0     0     0     0     0     0     7     0     0     0    53     0     0     0     0    10     0     0     0     0
 1931     0    10     0     0     0     0     0     0    20    47     0     0     0     0     0    10     0    38    10     0     0     0     0    12     0     0     0    22   186     0     0
 1932     0     0     0     0   237   167     0    41     3     0     0     0     0     0     0    63     0     0     0     0     0     0     0     9     0    40     0     0     0     0     0
 1933    52     7     0     0     0    21    31    11     0     0     9    15    31     0     0     0    10    14    48    39     0     0     0     8     0     0     0     0    64    27     5
 1934    52     7     0     0     0    21    31    11     0     0     9    15    31     0     0     0    10    14    48    39     0     0     0     8     0     0     0     0    64    27     5
 1935    55    78    67     0     0     0     0     0     0     0    53     8    14     0     0     0     0     0     0     0     0    15     0     0     0     2    34     0     0    11     0
 1936   131     0     0    16     0    79     0     0     2    52     0     0     0     0     0     0    22     0     0    27     0    91    31     0     0     0     0     0     0     0     0
 1937     6     8     0     0     0     0     0     0     0     0     0    79     0     0     0    16     0    30    18    25     5     0     0     0    24     6    45     0     0     0     0
 1938     0     0     0    81    40     5     5   105    26     3     2     0     0    38     5     2    22    33     7    24     0     0     0     0    50     0    39     2    12     0     0
 1939     0     0     0     8     0     0     3     0     0     0     0     0     0     0     0     0     0     0     0     0    35     0     0     0     0    46    66    60     0     0     0
 1940     0     0     0     0     0     0    30     9     0     0     0     0     0     0     3     0     0     0    92    15     0     0     0     0    34     5    10     0     0     0     0
 1941     0     0     0     0     0    65     4    15     7     0     0     0     0     9     0     0     0     0     0     2    16    36     0     0     0     0    89    80    82   770    43
 1942     6     0    96     0     0    43    69     0     0     0    15    47     0     3     0     0     0    28     0     0     0     0     0     0     0    34     0    26     0    32    43
 1943     0     0     0     0     2    97     0     0     0    11     0     2     3     0    32   110     0     0     0     0     0     0     0    17     8    19     0     0     0    12    36
 1944    30     0    33    45     2     3     0    26     0     0     0     0     0     0     8    21     0     0   114    39     0    29    21    12    33     0     0     0    27     0    73
 1945     0    93    19     3     0     0     0     0     0    28     0     9     0    28     2     0     0     0     0    62    49   121     0     2    85     0     5    46     0     0     9
 1946     0     0     0     0     7     0     0     0     0     2    37     6     0     0    12     0     0    22    55     0     0     0    53    41     0     0     0     0     0     0     0
 1947    28    29     0     0     0     0    41     0     0     0     0     0    41     3     6     0    13    24     0     8     7    52    24     0     0    10     0     7   125     0     0
 1948     8     0     0     7     6    98     0     0   139    20     4     3     0     0    42     0     0     0     0     0     0     0     0     0     0     0     0     0     0     0     0
 1949    12     0     0    11     0     0     0     0     0     0     3    33    33    39     5    12     7     0     0     0    20     0    12     0     0     0     0     0     0     0     0
 1950     0     0     0     2   121     0     0     0   136     0     0     0     0     0     0     0    19     0     0    19     0     2     0     3   125     0     0     0     0     0     7
 1951    40     0     0     0     0    53     0     0     0     0     0     0     0     0     0     5     0     0     0    47     0     6     0     0     5    35     5     0     3     0    12
 1952     0     0    20     0     0     0     0   112     0    15     0     0     0     0    12     0     0     0     0     0     0    32   107   101     0     0     0    34     0    12    67
 1953    22     4    11     0     0     0     0     0     0     0     3     0     0     0     0     8     8     5     0     2    23    44     0     0    80     0     0     0     0     0     0
 1954   190    51    54     5     0     0     0     7     9     0     0     0     0     0     0     0     0     0     7     0     0     0     0     2     0     0    39   117     3     0     0
 1955     0     7     0    80     0     0     5     0    15    41     0     0     0     0     0     0     0     0     0     0     0     0     0    85     0     0   105    53    61     0     0
 1956     0    70     7    57    15    30     0     0     0     4    25     0    43     2     0     0     8     0     0     0     0     0     0     0     0     0     0     9    82    31     0
 1957     0     0     0     0     0     0     0     0     0    56    53     0    18    31    32     0    63     3     5     0    46    12     0     0     3   176     0     0    78    96     2
 1958     0     0    54     0     0     0     0     0     0     0     0     0     0     0     2     0     0     9     0     0     0     0     0     0    10     0     6     0     0     0    43
 1959     0     0     0     0    57    26     7     0     0    40     7     4     0     0     3     0     0     0     0   159     8     0    47     0     0     0    50     0    73     0   131
 1960     0     4    10     0     0    71   125    31     0     8     0     0     0     0     0    25    40     0    25    48    33    37     0     0     0     8    40     0     3    17     0
 1961     0     0     0     0     3     0     0     9     0     0     0     0     0     0   121     0     0    53     0     0     0     0     0     0    13    18     0     0     0     0     0
 1962     0     0     0     0     0    10     0    56     0     0   143    35     0     0     0     0     0     0    19     0     0    12    33     0     0     3     0     0    88     0    28
 1963     0     6    42    57     0     0     0     0     0    43     0    17    89     0     0     0     0     0     0     0     0     0     0     0     0     0     0     0     0     0     0
 1964    31    13     0    21     5     0     0    34    23     0     0     0    68     0     0   113     0     9     0     0     0     0     0   149     5     0     0     0     0     0     7
 1965     0     0     0     0     0    13     0     5    47     0     0     0     0     0     0    24     0    43     0     0     0     0    20     0    10   265     0     0     0     7     0
 1966     0     0     0     0     0     0     0     3     0     0    20    40    17     8     0     3     0     0     0     0     0     0    65   119     0     0     0     0     0     0     0
 1967    17     0     0     0     0     0     0    11     0    10   148     0     0     0     0     0     0     0     0     0     0     0     8     0     0     0     0    12    18     0     0
 1968     0     0    15     0     0     0     0    68     0     0     0     0     0    68     5   297     0     0    19     0     0     0     0     0     0    43    23     8    24     0     0
 1969    10    10    30     0     0    43    12    10     4     9     0     0     0     0     0     0    63     7     0    27     0    55     0     0    21    13     0     0     0     0     0
 1970    15     5     0     0     0     0     0     0     0     0    13    25    68    82    58     0     0     0     0     0     0    11     8    75     0     0     0    48     0     0    15
 1971    25     8     0    10    39     0     0     0     0    11    44     0     0     0     0     0     0    44   163     0     0     0     6    50    25     5     0     0     0     0    14
 1972    91    60     0     7     0    20     0     0     0     0     0     0    18     0    50     0     0     2     0     0     0     0     0     0    39     0     0     5    38     0     0
 1973   112   133     0     0     7     0    70    98     0     0     0    10     0    20     0     0     0     0     0     0     6    10     0     0    42     0    62    95    42     0     0
 1974     0     0    12     0     0     0     0    50     0    12   150     6     0   115     0    22    14    13    28    23     0     8     0     0     0     0     0     0    40     0     0
 1975     0     6    10     0     6     0     0    17     5     0     3    38     0     0     0     0     0     0     0     0     0     0     2   146     0    10     3     0    40    45    12
 1976     3     0     0     0     0     0     0     0     0     0     0     0    26    56     0    44   132     0     0     0     0     0     0     0     0     0     0     0   104    30     0
 1977     0    12     0   118    33     0     0     0     0     0     0     0     0     0     0    55    15     0     0     0    22     8     0     0     0     0     0     0     0     7     0
 1978     0     0     0     0     0     0     0    33     5     0     0    21   117     0     0     0     0     0     0    22     0     0     0     0     0     0     7    25   172     5     0
 1979     0    45    92     0     0     0     0     0     0     0    82     0    16     2    10     0     0     9   172     0     0     0     2     0     0     0     0     0     0     5    17
 1980     0     0     0     0     0     0     0     0     0     0    68     0    23     7    11     0     2     0     7     0     0     0     0     0     0     0     0    38     0   161    15
 1981     0     0     0     9    42     0     0     0     0     0     0     0    25     0     0     0     0     0     0     0     0     0     4   141     0     0     0     0     5     0     0
 1982     0     0     0     0    90    38    90     0     0     0     0    14    62     0    10    60    19    33    19     0     0   150     0     0     0     0    43    13     0    46    23
 1983     0    62     0     0     0    69    78     0     0     0     0    88     0     0     0     0     0    29    83     0    27    67     0     0    27     0     8    29    22     0     6
 1984    10     5    11    17     0     0    53     0     0     0     0     0    48     0     0     0     0    22    36     0     0    12    10     0    97     4     0    53     0     0     0
 1985     0     0     0     0     0     0     0     0     0     0     4    22     0    30     5    11     5     0     0     7     0     0     0     0     0     0     0     0     0     0   121
 1986     0     0     0     0     0     0     0     3    73    35     5     0    90    35    72    10     8     0     0     0     0     0     0     0    33    45     5     0     0     0     0
 1987     0     8     0     0     0     0     0     0     0     8    25     0     0    14     0     0     0     6    36    48    11     0     0     0    70     0    22    16     0     3     0
 1988     0     0     0     0     0     0     0   102    13     0     0     0     2     0     0     0     0     0     0     0     0     0     0     0     0     0     5     0     0     0     0
 1989     0     0     0    32     0     0     0     0    21     0     0     0     0     0     0     0     0    36     0    12     0     0     0     5    25     0     0     0    13   112    16
 1990     0     0     0     0     0     0     0     1   188    17     0     1     0     1     0    28     1     0   187     4     0     0     1     6    24     1    11     5     0     0     0
 1991     2     0     1     0    80     9     1    16     0     0     0     0   197     0     2    43    46    94     0     0     1    70    22     0    19    17     0     1    92    17    42
 1992     0     0     0     2     0     0     0     0     0     0     1     1     0     1    23     0    92     0     0     0    22     1     8     0     1     6     0     0     0     0     0
 1993    51    30    28    14     7     0     8     0     0    48     0     0     0     3     0     0    24     3     6     1     0     4    36     2     2     0    12    21     1    36     2
 1994     3     0     0     0     6     4    31     0     0     0     3     0     0    19    12     0     0     0     0     0     0     0    30    16     3    19     0     0     0     0     0
 1995     0     0     0     4     0     0     0    85     5    27     0     0     4     7     0     0     0     0     0     0     0     0    28     0     0     0    90   107     1     0     0
 1996     0     1    10     2     1     1     0    21    27     6     0     0     0    12     9     3     0    22     9    15     0     1    15     8    23    24    41    40     0     0     0
 1997    39    56    14     0     0     0    23     5     0     0     0     1     0     6     1     1     0    24     0     0     0     0     1    93     0     0     0    13    19     2     0
 1998     1     4    18     0     0     0    46     0     0     0     0     5     0     0     0    23     0     0     0     0     0     0    15    70     0     0     0     2    62     7    50
 1999     0     0     0    14    31     5     7     0     0     0     1    51    25    30    17     0    76     5     0     7   165     1     1     0     0     0     0     0     0     0    23
 2000     0     0     0     0     0     0     0     8    20     0    15    47     0     0     0    27     4   155     9     0    13     2     2     0     0     0    92    18     2    30    76
 2001    90    87    72    14     1    44    30     0     0     1    40     0     0     0     0     0     0     0     0     0    46     5    18    14    29     3     6     0     0     0     1
 2002     1    48     0     0     0     5    13     0   193     0    40    21     7     5     0     1     0     0     0     0     0     0     0     0     5     1     5     0    84     0     1
 2003    14     0     0    45    56     0    28     0   105     0    74     3     0    45    14     0     0     0     0     7     0     0    10     0     0     0     0     7     0    13     0
 2004     0     0     0     0     0     0     0    43    18    61     0     0   148    12     0     0     5    18     0    51   313   201    99     3    30     2     5     0   131    35    38
 2005     3     4     0     0     0     0    13     0    11     1   217    25   120     0     3     1     3     9    31     0    10     3     0     0     0     5    61    10     5     0     0
 2006    52     0     0     0     0     0     0     5     4     5     0    30    26     5    26    15     8     0     1     0     0     0     0    57    13     2     0     0     0    74     0
 2007     0     0     0     0    12     0     1     0     0     0     0     0    10     0   132     0     0     0     0     1     1     1    13   219     5    20     0     0     5     9    74      
 2008    00    78    33    00    00    00    32    00    00    00    32    00    01    05    00    00    19    00    00    05    00    00    05    00    01    00    00    00    31    78    00
 2009    00    00    00    00    47    82    06    00    66    02    00    00    52    10    05    16    00    00    00    00    00    00    32    00    00    45    97    10    00    00    00
 2010    03    00    00    00    61    00    30    14    00    00    63    01   183    00    00    00    00    00    00    00    09    00    00    00    02    00    00    00    00    00    25
 2011    00    00    00    00    01    00    09    00    91    00    00    00    02    22    00    00    00    00    00    00    25    14    00    00   170    35    00    02    05    01    01
 2012    00    74    56    00    31    42    00    01    00    00    00    00    00    00    00    00    00    00    00    00    00    00    00    00    59    39    02    00    00    00    65