 1893 -9900 -9900 -9900 -9900 -9900 -9900 -9900 -9900 -9900 -9900 -9900 -9900 -9900 -9900 -9900 -9900 -9900 -9900 -9900 -9900 -9900 -9900 -9900 -9900 -9900 -9900 -9900 -9900 -9900 -9900
 1894     0     0     0     0     0   164    10    12     0     0     0     0     0    34     0     0     0     0     0     0     0   120    18     0     0     0     0     0    45     0
 1895     0     0     0     0     0    13     0     0     0     0     0    27     0   111     0     0     0     0     0    75     0    94     0     0     0     0     0     0     0     0
 1896     0    15     0     8    16     0     0     0     0   177     0     0     0    63     0   102     0     6     0     0     0     0     0     0     0    24     0     0     0     0
 1897   224     0     0     0     0     0     0     0     0    17     0     0     0     0     0    81     0     0     0     0     0     0     0     0     0     0     0     0     0     0
 1898     0    10     0     0    12     0     0     0    28     0     0     0     0     0     0     0     0    11     0     0     0    76     0     0     0     0     0    36     0     0
 1899    60     0     0     0     0     0    30     0     0     0     0    10     0     0     0    25     0     0     0     0    55     0     0     0     0     0     0     0     0     0
 1900     0     0     0     0    15     0     0    24     0     0    98     0     0    11    18     0     0    24    39     0     0     9     0    64    27    50     0    23     3     0
 1901     0     0     0     0     0     0     0   198   102     0   118     0     0    26    95     8     0     0    20     0     0     0     0     0    23     0     0   138     0     0
 1902     0     0     0     0   124    12     0     0     0     0     0     0     0     0     0     0    86     0     0     0     4     0    10     0     0     9    65     0    76     0
 1903     3     0     0    16     9    18    15    72     2     6     0    42     0    57    13     0     2     0     0     0     0     0     0     0     0    10     0     0     2    27
 1904    92    58     0     0     0   176     0     0     0     0    28     0     0     0     0     0     0     0     0     0     0     0     0     0    81     0     0     0    59     0
 1905     0    11     0     0     0     0     0     0     0     0     0     2     0    78     0     6     0    94     0     0     0     0     0     0     0     0     0     0     0     0
 1906    25   126     0     0     0     0     0     0     0     0    24   102     0     0     6    33    10     0    35   167     5     0     0     0     0    17     0     0     0     0
 1907     0     0     0     0     0     0    75    25     0     0     0     0     0     0     0    23   100   251    60     0     0     0     0     0     0     0    30    11     0     0
 1908     0     0     0     0     0     0     0     0     0     0     0     0     0    20     0     0     0     0     0     0     0     0     0     0     0    25   135    18     0     0
 1909     0     0    62     0     0     0     0     7     0     0     5   108    65    70     0     0     0     0     0     0     0     0     0     0     0     0     0     0     0     0
 1910     0     6     0     0     0     0     0     0     0     0     4    16     4     0     0     0     0     0     0     0     0     0     0   190     0    52     0     0     0     0
 1911     0     0     0     0     0    55     0     0     0     0     0     0    28     0     0     0     0   106     0     0    26     0     0     0     0     0    12     3     0    68
 1912    15    50     0    56     0     0     0     0     0     0     0     0    30    12    11     0    16   135     0    10     0     0     0    22     0     0     0     0     0     0
 1913     0     0     0     0     0     0     0     0     0     0    50     0     0     0     0    20     0     0    62    46     0     0     0    22    20     0     0     0     0   130
 1914    40     0     0     0     0     0     0     0    18     0     0     0   157   160     0    95     0     0     0     0     0    78     0     0     0     0     0     0     0     0
 1915     0     0     0     0     0     0    48    16     0    93     0    27    35     7    80     0     0     0     0   140     0     0     0     0    24    43    37     0     5     0
 1916     2     0     0    12     0     8   320     0     0     0    83    59     9     0     0     0     0     0     0     0     0     0     0     0     0     0   195     0     0     0
 1917    20     0     6     0    33     0   120    60     0    24     0     0    50     0     0     0     0     0    35    72    10     0     0     0     0     5     0     0     0     0
 1918     0    21     0     0     0     0     0     0    27   171     0     0     0    16     0    27     0     0     0     0     0     0     0     0     0     0     0     0     0     0
 1919     0     0     0    17     0     0     0     0     0   371     0     0     0     0     4     0    23     6    54     0    72     8     0     0     0     0     0     0   110    10
 1920     0     6     0    45    29     0     0     0    44     6    24     0     0     0     0     0     0     0     0    32     0     0     0    20     0     0     0     0     0     0
 1921     0   113     0    81     0     0     0     0     0     5     0     0    56     0   156   154     0     0    52    36     0     0     0    17     0     0     0     0     0     0
 1922     0     0     0     0     0     0     0     5    82     4     0     0     4     5     0     0     4    66    35     0     0     0     0     0     0     0     0     0     0    12
 1923   154    52     0     0     0     0    21     0     0     0     0     0     0     0     0     0    32    18   154     0     2     0     0     0     0     0     0     0   141    70
 1924     0    34     0     0     0     0    25    43     0     8     0    85     0     0     0     0     0     0     0     4    28     6     0     0     0     0    66    17     0     0
 1925     0     0     0     0    10    75     0     5    70     0     0     0     0     0     0    40     0     0     0    17    17     0     0     0     0    26     0     0     0   112
 1926    35     0     5    31    45     0    35   148     0     0     0     0     0    10    20     7     2     0    99     0     0     0    30    24     0     0     0     0     0     3
 1927     3     0    10     0     0     0    12     0     0     0     0     0     0     0     0    12     7    53     0     0     0     0     0     0     2   110    50    21     0   143
 1928     0     5     0     0     0     0     0     0     0    19    82    61     0   215     9     0     0     0     0     0    58     0     0     0     0     0     0     0     0     0
 1929     0     0     0     0    62     0     0     0   115     8     0     0    12     3     0     6     0     0     0     0     0     0     0     0     0    36    28    58    27     0
 1930     0     6     0     0     5     0     2     0     0     0     0     0    28     0     4     0     0     0     0     0     0    16     0     0    50    85     8     0     0     0
 1931   141     0     0    28     0     0     0     0     0     0     0     0     0    14     0    42     3     8   105   240    15    24     5     0   200     8     0     0     0     0
 1932     0     0     0     0     0     0     0     0     0     0     0    39    48     0     0     0     0     5     0    32     0     0     0     0     0     0     0     0     0     0
 1933     0     0    36    31    21     0     0     0     0    37    36     0    85     0     2    35     0     0     8     0     0     0     0    23     0    97     0     5     0     0
 1934     0     0    36    31    21     0     0     0     0    37    36     0    85     0     2    35     0     0     8     0     0     0     0    23     0    97     0     5     0     0
 1935     5     0    20    10     0     0    55     0     0     0     0     0     0     0     0     0     0     0     5     0     0     0     0     0    79     0     0     0     0     0
 1936    15    10     0     0     0    78    42     0    44     5   125    70     0     0    81   172     0     0     0     0     0     0     0     0     0     0    38     0     0     0
 1937     0     0     0     0     0     0     0     0     0    42    25     0     0     0     0     0     0     0     0     0     0     0     6    60     0     0     0    45     0     0
 1938     0     0     0     0     0   170   123    50    55    60     0    16     0   106    10     0    15    56     7     0     0     0     0     0     0     0     0     0     0     0
 1939     0     3     0     0     0     0     0     0    42     0     0    40     0     0     0     0     0     0     0     0     0     0     0     0     0    20     0     0    45     0
 1940     0     0     0     0     0     0     0     0    12     0     0     0     0     0     0     0     0     0     0     0     0     0     0    53     0     0     0     0     2     0
 1941     0     0    25     0    28     0    15   158    41    32     0     0     0    43    39    88     0     0     0     0     0     0     0     0    48     0     0     0     0   104
 1942     0    22     6     0     0     0   101     0     0     0     0   130     0    74     8     0     0   174    29     0     0     6     3     6     0    33     0     0     0     0
 1943     5     0     0     0    69     7     0     0     0     0     0     0   164     0     0     0     0     0     0    57     0     0     0     0    14     0     0     0     2    16
 1944     0     0     0     0     0     9     0     0     0    18    60     0    14     0     0     0     0     0     7    42     0     0     7     3     0     0     0    39     0     0
 1945     0     0     0     0     0     0     0    57     0    25     3     6     0     0     0     0     0     0     0    25     0     0    57    60     0     0    19    62    33     0
 1946     0     0     0     0     0   408     0    86    10   101     0     0     0     0     0     0     0     0     0    85     0     0    62     3     0     0     8     5     0     0
 1947     0     0     0     0    42     0     0     0     0     0     0   112    36     0     0     0     0     0     0     0     2     0     0     0     0     0     0    59     0     0
 1948    17     0     0     0     0     0     0     0     0     0     0     0     0     0     0     0     0     0     0   203    11     2     0     0     0     0     0     0     0     0
 1949     0     0     4    16    13     0    37     0     0     0    14    37     7     0     0     0     0     0     0     0     0     0     0     0     0     0     2     0     0     0
 1950     0     0     0     0     0     0     0     0     0     0    11     0     0     0     0     0     0     5     0     0   123     0     0     0     0     0     0    25    29     0
 1951     0     0     0     0     6    30    13     0    11    97     0     0     8     0     3     0     0     0     0     0     0    13     0    13     0     0     0     0     0     0
 1952     0     0     0     0     0     0     0     0     0     0     0     0     0    10     0     0     0     7    25     0     0     0     0     0     0     0     0     0     0     0
 1953     0     0     0    25     0     0     2     0     9     0     0     0     0     0     0     0     0     0    10    29     5     0     0     0     9     0     0     0     0     0
 1954     0     0     0     3     0     0     0     0    23    67     0     0    21    75     0     0     6     0     0     0     0     0     0     0     0     0     0     0    34    85
 1955     0     0     0     0     0     0     0     0     0     0     0     0    35     0     0     0     0     0     0    18    64     0    25     0     0    21    25     0    10    43
 1956     0     0     0     4   154    10     0     0     0    33     0     4     0     0    16     0     0     0     3     0     0     0     0     0     0     0     0     0     0     0
 1957     0     0     0    22     0     0     0     0     0     0    47    17     0    10    49     0     0     0     0    48    11     0    14     0     0     0     0     0     0     0
 1958     0     0     0     3     0   161     0     0     0     0     0     0     0     0    91     0     0     0     0     0     0     0     0    53    17     0     0     0     0     3
 1959     0    85     0     0     0     0     0     0     0     0     0     0     0     0     0     0     0     0    14    12     8   185    28     0    60    35   124     0     0     0
 1960     0     0     0     0     0     0     0     0     0     0     0     0     0     0     0    56    38     4    90     0     0   132     0    72    25     0     0     0     7    11
 1961     0    32     7     0    12     4     0     0   200     0     0     0   128     0     0     0     0     0     0     0     2     7    12    20     0     0     0     0     0   145
 1962    75     0     0    41     0     0     0     0    83    32     0     0     0     0     0    79     0     0     0     0     0    42     0     0     0     0     0     0     0    13
 1963     0    36     6     0     9     0     0     0     0     0    51    10     0     0     0     0    36     4     0    26     0     0     0    23     0     0     0     0     0     0
 1964     0     0     0    69     0     0     0   114     0   108     6     0     0     0     0     0     0    19     5    37     0     6     5     7     0     0     3     0     0     0
 1965     0     0     0     0    46    25   281     0    23    70     0     0     3     0    12     6    70    24    70   125   132     0    10     0     0     0    20    72    41    80
 1966     0    29     6     8     0     0     0     0     0     0     0     0     0     0     0     0     0     0     0     0     0     0     0     0    34     0     6     5     6     0
 1967     0     0     0     0     0     0     0     0     0     0     0     0     0    18    50     0     0     0    13    18     0     0     0     0     0     4     7     0     0     0
 1968    13     2     0    20    96     5     0     0     0     0     0     0     0     0     0     0    19    73     6     4     0    48    21     0     0     0     0     0    20     0
 1969   168     0     0     0    40    15     0     0     0     0     0     0     0    17     0     0     0     0     5     0     0     0     9     0    13     0    11     0    34     0
 1970     0    20     3    35     0    39    30     0     0   120     0     0     3    15   131    30    69     3     0     0    20     3     0   112     0    13     0     0     0     0
 1971     3     0     0     0    46     0     0     0     0    18     0     0     0     0     0     0     0     0    39    14     0    15    17     0     0    10     0     0    10    29
 1972     9     0     0     0     0     0     0     3     0     0   153     0   168     5     0     0     0     3     0     0    83     0     0     2   456   214     0     0    25     0
 1973     0     0    36     0     0     0     0     4    81     0     0     0     0     0     0    18    40     8     0     0     0    65     0     0    39     0    30     3    55    53
 1974     0     0     0     0     0     0    15     0     0     3     0    16    20     0     0     0     0     0     0     3     0     0     0    23     0     0     0     0    89     0
 1975     0     0     0     0    21     0     0     0     0     5     0     0     0     0     0     0     0     0     0     8     0     0     0     0     0     0     0     0    21    17
 1976    63     0     0     0     0     0     0     0     5     0     0     0     0    30     0     0     0     0     6    72     0     0     0     0     0     0     0     0     0     0
 1977     8     9     0     0     0     0     0     0     8     0     0     0    32     0     0     0     5    98    22     0     0    71     0   184     0     0     0     0    59     3
 1978     0     0     0     0     0     0     0     0     0     0     0     4   215    67     0     0     0    13     0    56    22     0     0     0     0     0     0     0    71     6
 1979     0     0     0     0     0    12     0     0     0     0     0     0    12     0     0     0     0     0     0     0     0     0     0     6     0     0     0     0     0     0
 1980     0     9     0    81     0     0     0     0     0     0     0    28     8     0     0     0     0     0     0    62     0   287     5     0     3     0     0     0    19     0
 1981     0    31     0     0     0     0     0    22     0    11     3    15     9     0     4     0     0     0     0     0     0     0     0     5    42     0     0     6     0     0
 1982     0     0     0     0     0    68     0     0     0    15    18     0     0    58    23     0     0    18     0     0     0     0     0     0     0     0     0     0     0     5
 1983     0     0     0     0    19    62     3     0     0     0    10     0     0     5     7    39     0    35     0   154     0     4     0     0     0     0     0     0     0     0
 1984     0    31     0     0     0     0     0    22     0    11     3    15     9     0     4     0     0     0     0     0     0     0     0     5    42     0     0     6     0     0
 1985     0     0    19     6   320    63     0     0    78     5     0     0     0     0     0     0     0     0     0     9     3    56    60    75    15    52     0     0    66    77
 1986     0     0    21    34     0     0     0     0    15   133     4     0     0    29     0     0    15     0    19    18   479     0     0     5    43     0    29     0   102    14
 1987     0     0     0     0     0     4    15    54     0     0     0     0    39     0     8    32     0     0    16    18     7     0     0     0     0     0     0     0     0     0
 1988     0     0     0     7     0     0     0     0     0     0     0     0     0     0     0    25     0     0   142    33    19   170     2     0     0     0     0     0    10     0
 1989   154     0     0    19     0     0    25    30    25     0     0     0     0     0     0     0     0     0     0     0     0    41     0     0     0     0     0     0     0     0
 1990     0     7     8     0     0     0    36     2     1     0     0     0     0    34     0     0     0    64    31     0     2     0     0     0     0     0     0     1     1     0
 1991     0     0    14     0     3     0     0    82    24     0    42   161    13   101     5    44     1    25     0     0     0     1    28     2     0     0     0     0     0     0
 1992     0    92     0     0     0   133    22     0    80     0     0     0     0   152     0    26     1    22     0     1     1     0     0     0     0    19     2     1     0     0
 1993     0     2     0     0     0     0    20    18     0     0     1     0    41    29     4     0     1     9    24    29     7    13     1     0    12    14     0     1     1     0
 1994     0     8    28    11     4     0     0     1    13     0     0     0     0     0   111    45     0     0     0     0    16    77    20     0     8    28     0     1     0     0
 1995     0     0     0     0     0     0    55     0     0     0     0     1     0     0     0     0     0     0   129     3     0     9     3     4     0     0     0     0    14    13
 1996     0     0     0     0     0     0     0    27     1     0     2     1     0     0     0     0     0     0     0    33     0    11     4     6     0    52    45     3     0     0
 1997     0    13     0     0    13     1     1    92     0     0     0     0    19     6     0    17   126     0    10     0     0    20    45     0     0     0     0     2     0     1
 1998     0     0     3     0     0     0     0     0     0     0     0     0     0    28     0     0     0     0     0    12     1     0     0    33     0     6     0     0    34    29
 1999     0     0     0     0    22     0     0    27     0     0     0     3     2     0     0     0     0     0     0     0     0     0     0     0     0     0    81     0     0     0
 2000     1     0    20     0     0     0    11     0     0     1     0     0     7     0     0     0     0     7    12     0    47     3     0     0     0     0     0     0     0     0
 2001     0     0     0     0     0    21   107   278     0     0     0     0     0     0    12     2    27     1     0     0    30     0   150     0     0     0     0     0     0     0
 2002     0     0     0     0     0     9     0     0     0     2     0     0     0    10     0     0     0    35   135    29     2     1     0     0     7     1     1     0     4     0
 2003     0     0     0     0     0     0     0     0     0     0     0    95     4     9     0     0     0     0    94     0    15     6     0     0     0     8     0     0     0     0
 2004     0     0     0     0     0    69     0     0     0     0     0     0     0   102    45     0     0     0     0     0     0     0     6    10     0     0     0     0     0     0
 2005     0     0     0    65     0     0     0    74     0     0     0     0    16    14     0     0     0     0   125     0     0    12     0    70   107     8     0    40     0     0
 2006     0     0    20    76     0     0     0     0     6    20   221     5     0     0     0     1    11     0     5     0     2    48     0     0     0     0     0     0     0     4
 2007     0     0     0     0     0    96     0     0    63     0     0     0     0     0     0     0     6     0    38     0     0    48     0     1    52     0     0     0     0     0
 2008    00    00    00    25    00    04    00    05    05    00    33    00    13    02    00    00    00    00    00    00    00    00    00    37    00    00    02    00    55    00
 2009    00    00    00    00    00    00    00    00    00    00    00    00    00    00    00    00    00    00    00    00    00    18    00    00    84    00    14    00    00    00
 2010   120    11    15    00    00    00    09    00    08    00    05    00    00    00    00    03    00    35    00    01    22    02   173    30    01    01    00    00    00    00
 2011    00    31    47    00    00    00    00    00    00    00    00    00    00    00    00    00    00    18    42    05    00    00    00    00    00    96    02    08    01    00
 2012    00    00    33    04   148    00    01    00    00    00    00    00    78    00    00    00    07    00    00    00    18    05    00    00    00    00    00    00    00    00
