 1893 -9900 -9900 -9900 -9900 -9900 -9900 -9900 -9900 -9900 -9900 -9900 -9900 -9900 -9900 -9900 -9900 -9900 -9900 -9900 -9900 -9900 -9900 -9900 -9900 -9900 -9900 -9900 -9900 -9900 -9900
 1894     0     0    15     0     0     0     7     0    90     0     0     0     3     0     0     0   122     0     7     0     0     0     0     0     0     0    35     0    28    57
 1895     0     0     0     0     0     0     0    36     0     0     3    14     0     0     0     0     0     0     0     0     0     0     0     0     0     0     0     0     0    63
 1896    55     0     0     0     0     0     0   102     0     0    15     0    14     0     0     0     0    24     0    72     0     0    65     0     0    60     0    76    71     3
 1897     0     0     0    69     0     0     0     0     0     0     0     0    88     0    29     0     0     0     0     0    50     0     0    82     3     0     0    55     0     0
 1898     0     0     0     0     0     0     0     0     6     0     0     0    78     0     0     0     0    62    19     0    43    22     0     0    29     0    12     0     0    10
 1899     0     0     0     0     0     0    11     0     0     0     0     0    60     0     0     0     0     0     0    48     0     0     0     0     0     4    54   120     2    47
 1900     0     0     0     0     0     0     0     0     0    20    15     0     0     0     0    60   140     2     0     0     0     0     0     0     0     0     0     0     0     0
 1901     0     0     0     0    26    20     0     0     0     0     0     0     0     0     0    76     0     0     0     0     0     0     0     0     0     0     0     0     0     0
 1902     0     0     0     0     0     5     0     0     0     0     0     0     0     0     0    22     0     0     0     0     0     0     0     0    84    16     0     0     0     0
 1903    23     0     0     0     0     0     0     0     0     0   147   244    30     0     0     0     0     0     0     0     0     0    21    25     0     0     0    11    30     7
 1904     0     0     0     0     0     0     0   110     0     0     0     0     4     0     0     0     0     0     0     0     0    51    48     3     0     0     0     0     0     0
 1905     0     0    43    16     0     0     0     0     0     0     0     0    15    10     0     0     0     0     0    65    15     0     0     0     6     4     0     0     0     0
 1906     0     0     0     0    30     0     0    22     0     0     0     0     5    20     0     0     0     0     0     0     0     0     0     0     0     0     0    15     5     0
 1907     0     0     0     0     0     0    11     0     0     0     0     0     0     0     6     0     0     0     0     0     0     0     0    24     0     0     0    31     0     0
 1908     0     0     0     0     0   110     0     0     0     0     0     0     0     0     0     0     0    30     0     0     0     0     0    70    10     0    21     0     0     0
 1909     0     2     0     0     0    55     7     0     0     0     0   112     0    85     0     0    25    55     0     0    67     0     0     3    20    33     8    40    52    26
 1910     0     0     0     8    67     0     0     0     0     0     0     0     0     0    70    42     3     0     0     0     0    25    20    21     0     0     0     0     0     0
 1911     0    45     0    11    73     0     0     0     0     0    56     0     0     0     0     0     0    26     8     0     0     0     0     0     0     0     0     0     0     0
 1912     0     0     0     0     0    25     0     0     0     0     0     0     0    67     2     0     0     0     0     0    43     0     8     0    21     0     0    19     0     0
 1913     0    52    15    21     0     0     0     0    15    50    12     0     0     0     0     0     0     0     0     0     0     0     0     0     0     0     0     0     0     0
 1914     0     0     0    10     0     0     0     0    23     0     0     0     0     0     0     0     0    40     0     0     0     0     0   102     0     0    81    82     0     0
 1915     0     0     0     3     0     0     0     0    13     0     0     7     0     0     0     5     0     0     0     0     0     0     0     6     0     0    72     3     0     0
 1916     0     0     0     0     0     0     0     0     0     0     0     0     0     0     0    45     0     0   145     0    10     0     0     0     8     0     0     0    70    10
 1917     0     0     4    20     0     0     4     3     0     0     0     0     0     0     0     0    12     0    54   112    17     0     0     0    34     9     0     0   130     0
 1918     0     0     7     0     0     0    60     0     0     0     0     0     0     0     0    43     0    31     0     0    35    12     0     0     0     0     0    47    15     0
 1919     0    14     2     3     0    20    52     0     0    67     4     0    16     0    45    36     9     0     0     3     0     0     0     8     0     0     8     0     0    10
 1920     0   110     2     0     2     2     0     0     0     0    18     0     0     0     0     0     0    14    40    80     4    24    14     2     0    26    18     0     0    16
 1921     0     0     0     0     0    19    10     0     5     0     0     0    20    55    17    16     0     0     0     0    50     0     0     0    48     0    83     0     0     0
 1922     0    30     9     0     0     4    36     0   123     0    68     4     0     0     0     0     0     5     2     0     0     0     0     0    44     0     0     0     0     0
 1923     0     0    95     0     0     0    36     3    30     5     0     0     0     0    40     0     0     0     0     0     4    72     4     3     0     0     0     0     0     0
 1924     0     0     0     0     0    15     0     0     0     0     0     0     0     0     0     8    46     0    10     0     3     0     0     0     5     5    30    26     0     0
 1925     0     0     0     0     0     0     0     0     3     0     0     0     0     2     0     0    20     4    10    37     0     4     3     0     0     0     0    40     0     0
 1926    10     0     0     0    15    10     0     0     0     0     0     0     0     7     0     0     4    77     0     0     0     0     0    59    16     0     0     0     0     0
 1927    20    10    42     0    81     0     0    55     0     0     0     0    61     0     8    21     0     0     8     8    14     0     0     0     0     8     0     0    55     0
 1928     0     0     0     0    42    40    31     6     0     0     0     5     0    65     0     5     0     0    28     0     0     0     0     0     0     0     0     0     0     7
 1929    30     0     0     0     0     0   144     0     0     0    24    10     0     0     0     6     7     0     0     0     0     0     0     7   135    12     0    58     0     3
 1930     6     0     0     0     0     0     0     0     0     0     0    10     0     2    58    96    41    36     2    23     0     0     0     0     0     0     0     2     0     0
 1931     0     0     0     0     0     0     0     0    13     0     0     0     0     0    32    26     0     0    11     9    52    10     0     0     0     0     0     0     0     0
 1932     0     2     0    26    44    20   108     0     0     0     0     0     0     0     0    15     0     0     0     0     0     0     0    65     4     4     0     0    45    21
 1933     0     0     0     0    38    36     0     0   100    39     2     0     0     0     0     0     0     0     0     0     0     0     0     0     0     0     0     0     0     0
 1934     0     0     0     0    38    36     0     0   100    39     2     0     0     0     0     0     0     0     0     0     0     0     0     0     0     0     0     0     0     9
 1935     5     0     0     0     0     0     0     0     0    37    83     4     0     0     0     0     0     0     0     0     0     0     2    24     0   124     0     8     0     0
 1936    20     9     0    13     0     0     7     0     0    14     0     0     0     0     0     0     0     0     0     0     0     0     0    29     0     0     2     0     0     4
 1937     0    11     4     5     3     0    19     0     0     0     0     0     0     0    25     0     8     0     0     0    61     0     0     7    29     0     0     8    40    31
 1938     0     0     0     0     0    60     0     0     0     0     0     0     0     0     0    64    40     9     0     0     0     0     0    57     0    41     0    75    10     4
 1939     0     0     0     0    20     0     0     5     0     0     0     0     0     8     0     2    55    65     8     0     0     0     0     0     0     0     0     0     0     0
 1940     0     0    10     0     0     0    27    34     0     0    30     0     0     0     0     0     6    17     0     0     0     0     0    13     0     0     0     0    54    11
 1941     0     0    27    38     0     0     0     0     0     0     0     0     0     4     0     0     0   212    11    30     0     0     5     0     0     0     0     0     0     0
 1942     0     0     0     0     0    18     0     0     0     0     0     0     0     0     0     0     0     0     0     0     0     0     0     0     0    24     2    18     0    17
 1943     0     0     0     0     0     0     0     0     0     0     0    27     0     0     0     0     0     0     3     0     0     0    40     0     2    18     9     0     0     0
 1944     0     0     0     0     0     0     0     0     0     0     0     0     0    25    42    13     0     0     0    20    37     3     0    86     4     0     0     0     0     0
 1945     0     0     0   137     0     0     0     0     0     0     0    33     0     0     2    65    43     0     0    18     3    52    19     7     0     0     0     0     0     0
 1946     0     0    15     0     0     0     0    49     0     0     0     0     0     0     0     0     0     3     0     0     0     0     0     0     0     0     0     0     0     0
 1947     0     2     0    12    13    88     0     0     0   120     2     2     0     0    16    21     0     0     0     0     0     0    49    60     0     0     0     0     0     3
 1948     0     0     0     0     0     0    69     0     0     0    26     0     0     0     0     0     0     0     0     0     0     0    58     3     0    21    41     0     0     0
 1949     0     0     0     0     0     0     0     0     0     0     0     0     0    30     5     0    10     0     0     0     0    24     0     0     0    23     0     0     0     0
 1950     0     0     0     0     0     0     0     0    22    65    26     0     0     0     0     0     0     0     0    20     0     0     0    60   152     2     0     0     0    46
 1951    10     0     0     0     0     7   149     8     4     0     0    59    30     0     0     0     0     0     0     0    57   116     0     9    79    30     0     3    75     0
 1952    36     0     0     0     0     0     0     0    21    45     0     0    50    51     0     0     0     0     0     0     0     0     0     0     0     0     0     0     0     0
 1953    11     0    53     0     0     0     0     0    90    86     0     0     0     0    58    75     0     0     0     0     0     0     0     0    97    11     0    10    28    14
 1954     0    18     0     0     0    30    49     0     0     0     0     0     0     0    21    13     0     0     0     0   107     0     0     0    50     9    16     0     0    75
 1955     0     0     0     0    40     0     0     0     0     0     0     0     0    73     0     0     0     0    23     7     0     0     0   143    24     0     0     5     0     0
 1956     0     6    26     0     0     0     0     0     0     0     0     0     0     0     0     0     0     0     0     0     0     0     0     0     0     0   123     0    92     5
 1957     0     0     0     0    22     0     0     0     0     0    20     0     0     0     0     0     0     0     0    90     0     0     0     0     0    40     8     0     0     0
 1958     0    23     0     6    30    64     0     0     0     0     0     0     0     0     0     0     0     0     5     0    11     0     0    40     0     0     0     9     0     0
 1959     3     0    16     0     0     0     9     0     0     0     2    12     2     0     0     0     3    21     0     0     0     0     0     0     0     0     0     0     0     0
 1960     0     9     0     0     0     0     0     0     0     0     0     0    21    13     0     0   199    22     0     6     5     0     0     0     0    48     0     0    39    83
 1961     0     0     0     0     9     0     0     0     0     0     0    41     0     0    23     0    13     0     0     0    11     0     0    37     0     0     2     0     0     0
 1962    33    10     0     0    20     0     4     0     8     0     0    31    17     0     0     0     7     0     0     0    29    33     0     0     0     0    45    23     0     3
 1963     0     0     0     0     0     0     0    19     0     0     0     0     0     0     0    22     0     0    95     0     0     0    30     0    30     0     0     0   128     0
 1964     0     0   130     0     0    45     0     0     0     0     0     0    27     3     0     0     2     0     0     0    96     0     0     0     0     0    30    43     0    30
 1965     5     0     0    57     2     7     0    13   127     0    70   104     0     4     3     0    15     0     0     0    13     0     0    27    50    15     0    48     0     0
 1966     0     0     0     0     0     0     0     0     0     0     3     0     0     0     0     0     0    13     0     9     0     0     0     0     0     9     0     7     0    55
 1967     0    57     0     0     0     0     0     0     2     0     0     0    11    15    14     0     0     0     0     0    63     0     0     0     0    14     0     0     0     0
 1968     0     0     0    96     7     0     0     2     0     0     0     0     0    46     0     0     2     0     0    85    28     0   374    15     0     0     0     0    28     0
 1969     0     6     0    46    36     0     0     0     0     0     0     0     0     0    37     0    31    54     0     0     6     0     0     0     0     0    75     0     0     0
 1970     0     0     0     0     0    11     0     0     0     0     0     0    39     8     0    15     0     0     0    81     0     8    17     0     0     0     0     0     0     0
 1971     0     0     3     0     0     0     0     0     0     0     0     5    47     0     0     0    62     0    12    37    68     0     0     0     0     0    25     8     0     0
 1972     0     0     0     6     0     0     0    14     0     0     0     0    35     5     0    40     0     0     0     0    38     0     0     0     0     0     0    12     8     8
 1973    52     0     0    20     0     0     0     0   105   199     0     0     0     0     0   267     0     0     0    17     0    18     0     0     9     0     0     0    59    99
 1974    10     0    20    46     0     0     0     0     0     0     0    74    28    92     0     0     0     0     0     0    38     0     0     0     0     0     0     0    37     0
 1975     0     0     0     0     0     0     0     0    12     9     0     0     0     0     2    19     0     2    17     0     0     0    40     0    22     0    74   234     0     0
 1976     0     0     0     0     0     0     0     0     0     0    78     0     0     0    14    21    11   303    10     0    80    72     0    61    43     0     0     0     0     6
 1977     6    77    28    31    23     0     0     0     0     0     0     0     0     0    25     0     0     0    18    54    64     0     0     0     0     0     0    21     0     0
 1978     0     0     2    68     0    62     0     2     0    71     0     0     0     0     0     0     0   123    35     0    11     0    19    15    35     0     0     0     0     0
 1979     0    44     0     0     7     0     0     0     0     0     0     4     0     0     0     0     0     0     0    67    37     0     0     0     2    35    18     0     0    32
 1980     0     0    16    19     0     8     0     0    56     0     0     0     0     0     0     0     0     0     0     0     0     0     0     0     0     0     0     0     0     0
 1981     3     0     0   195     0     0     0    79     0     0    20    21     0    15     0     0    31     0    21     0     0     0    63     6     0     0     0    31     0    33
 1982     0     0    38     0     0    66     0     0     7     0     0     0     0     0     0    28    37     0     0    38     0     0     0     0     0     0     0     0     0     0
 1983    13    43    16     0     0    20     0     0    44    14     0     0    20    75    13     4     0     0     0     0     0     0     0     0     0     0     0     0     0     0
 1984     0     0     0     0     0     0     0     0     0     0     0     3    58    72    15     0     0     0     0     0     0    10    30     0     0     0   112     7     0   178
 1985    14     0     0    33    45    10     0     0     0     0     0     0     2     0     0     0     0     0     0     0    40     0    58    69     0    32     0     0     0     0
 1986    29    65     0    15    27     0     0     0     0     0     0     3    77     4     0     0     0     4     0     0     0     0     0     0     2     4     0    50     3    21
 1987     0     0     0     0     0     0     0     0     0     0     0     0     7    53    42     0     0     0     0     0   168    82     6     0     0     0     0     0     0     0
 1988     0     5    48     0     0    28     0     0     0     7     0     0     0     0     0     0     0     0     0    14     0    11    26     0     0    68    40     0     0     0
 1989     4     0     9     0     0     0     0     5     0     0     0     0     0    12     0     0     0     0     0    15     0    45   104     0     8    22    13    38     2     0
 1990    17     0     0     2     1     0     0     0     0    73     0     0     4    12     0    28     0     0    19     6     0     0     1     1     0     0    63    28     0    11
 1991     0     0     0     1     0     0     0    51    48     1     0   157     2    56     0     0     0     4    66     0     0     0    40     0     1     2    83     0   156     2
 1992     1     0     0     0     0     0    27    27    18    12     3     0     1     0    33    52     0     2   114    91    17    14     1     0     0     1     1     1     1     0
 1993     8     0     0     0     0     0    18    49     1     0   104     1     0    51    35    59     0     0    92   112     0     0     0     1     0     0    54    25     1     1
 1994     0     0     0     5    26     0     0    14     3     0     0    54     3     0    66     1     0     1     0     4     1     0     0     0    37    55     0    21    13    12
 1995     0     0     0     0     0     0    62    32    45    32    35    64     3     0     5     0     2    53     2    32    25     0     0     3     0     0     4     0     1    18
 1996     0     0     1     0     0     0     0     0     0     0     0     0     0    10    24     0     0    53     2     7     0     0     0     3    15     8     0     0    35     3
 1997     0     0     3     3    31    18     1     0     0     0     1    17     0     0     0     0     0     3    44     0     0     0     0     1     0     0     0     0     1   130
 1998    36     0     0     0     0     0     3    11    11     0     1     0    76     0    52    31     0     0     0     1    14     0     0     0     1    70     0     0    10     0
 1999     0     0    55    50    41    91     0    19   125    14    12     1     0     0     1    11     0     1     1    16   123    73     0     0     0     0    17    13     0     0
 2000     0     0     0     0     0     0    27     2     0     0    10     0     0     0     0     0     2     0    36    49     0     0     2     0     0     0     0     0     0     0
 2001     0     0     0     0    34     1    19     0     1     0    54    38     0    15     0     1     0     0     0     0    60     5     3     0    13     0     0     3     0     0
 2002     4     4     0     0     0     0     0    28     0     0    10    65     0     0     0     0     5    27     9     0    47     9     0     4     0     0    31    57     1     0
 2003     0     0     5     7    12     0    36     0     0     0     0     0     0     0     0    23     8     0    49    57     5     0     0     0     0     0     0     0     0    26
 2004     0     0     0     0     0     7     0     0     0     0     0     0     0     0     0     1    15    18    31    48    13     0     0     0    42     1     0     0     0     7
 2005     3     0     0     0     0     0     0     0     0     0    20    72     0     0     0    14     0     4    48    16     0     0     2     0     1     1     4     0     0     1
 2006     0    74     0     0     0     5    89     0     0     0     0     0     0     0     0   166     2     0     3     0     6     2     0     0    13     0     0     0    20   110
 2007    45     0    65     1     0     0     0     0     0     0    62     5     0     0     0     0     0     0     0     0     0     0    62    47    29    18     0     0     0     7
 2008    09    00    00    00    00    00    10    00    26    85   104    20    00    00    00    00    16   127    61    00    00    63    00    80   248    15    00    10    00    00
 2009    00    00    00    00    10    00    00    00    00    00    00    00    00    00    00    00    00    00    17    03    10    00    00    00    68   140   166    00    00    23
 2010    00    38    01    00    00    58    11    00    00    00    00    31    02    00    00    04    00    00    00    00    00    00    01    65    01    00    00    00    00    90
 2011    01    00    02    01    00    09    00    04    00    18    01    00    00    07    06    64    00    09   108    11    00    02    15    00    00   130    00    06    00    10
 2012    00    00    00    00    00    00    01    01    00    00    00    00    05    04   176    04    00    08    96    93    00    06    00    00    01    00    00    30    00    77