 1893     0     0     0     0     0     0     0     0     0     0     0     0     0     0     0     0     0     0     0     0    40     0     0     0    90     6     0     0     0    15
 1894     0    46     0     0     0     0     5     0    20     0     0    27     0     0     0     0     0     0     0     0     0     0     0     0     0     0     0     0     0     0
 1895     0     0     0     0     0     0    45     0     0     0     0     0    20     0     0    10     0    25    17     0     0     0     0     0    19     0     0     0     0     0
 1896     6     0     0     0     0     0    22     0     0    62     0     0     0     0     0     0     0     0    15     0     0     0     0     0    72    80    14     0     0     0
 1897     0     0     0     0    21     0     0     7     0     0     0     0     0     0     0     0     0     0     0     0     0     0     0     0     0     0    32     0     0     0
 1898     0     0     0     0     0     0     0     0     0     0     0     0    15     0     0     0     0     0     0     0   130    43     0     0    17     0     0     0     0     0
 1899    14     0     0     0     0     0     0     0     0     0     0     6     0    41     0     2     0     0     0     0    22     0     0     0     0     0     0     0    11    15
 1900    28     0     0     0     0    22     5     0     0     0     0     0     0    20     0    20    40    15     0     0    10     0     0     0     0     0     0     0     0     0
 1901    14    80     2     0     0     0     0     0     0     0     0     0     0     0     0     0     0     0     0     0     0     0     0    50     0     0     0     0     0     0
 1902     6    21     0     0     0     0     0     0     0     0    22     0    16   108     2     0     0     0     0     0     0     0     0     0     0     0     0    32     0     0
 1903     0     0     0     0     0     0     0     0     0     0     0     0     0     0    18     0     0     0     0     0     0     0     0     0     0     0     0     0     0     0
 1904     0     0     0     0     0     0     0     0    29     6     0     0     0     0     0     0     0     0     0     0     0     0     0     0     0     0     0     0     0     0
 1905     0     0     0    89     6    15     0     0     0     0     0     0     0     0     0     0     0     0     0     0     0     0    48    12     0     0    70    40     0     0
 1906     0     0     0     0     0    29     2     0     0     0     3     0     0    11     0    16    13     0     0     0    69     0     0     0    62    40     0     0    10    10
 1907    34     3     0     8     0     0     0     0     0     0     0     0     0     0     0     0     0     0     0    81     4     0     0     0     0     0     0     0    10     0
 1908     0     0     0     0     0     0     0     0     0     0     0     0     0     0     0     0     0     0     0     0     0     0    48     0     0     0     0     0     0    32
 1909   125     0     0     0     0     0     2     0     0     0   235    35   140    32     0    68     0     0     0     0    30    14     0     0     0     0     0    30     0     0
 1910    24     0     0     2     0     0     0     0     0     0     0     0     0     0     0     0     0     0     0     0     0     0     0     0     0     0     0     0     0     0
 1911     0     0     0     0     0    54     0     0    55     0    12     0     0     0     0    44     0     0    10     0     0     0     0     0     0     0     0     0     0     0
 1912     0     0     0     0     0     0     0     0     0     0     0    75     0     0     0     0     0     0     0     0     0     0     0     0     0     0     2     0     0     0
 1913     0     0     0     0     0     0     5     7     0     0     0     0     0     0     0     0     0    15    64     0    70     0     0     0     0     0     0     0    38    15
 1914     0     0     0     0     0     0     0     0     0     0     0     0     0     0    39     0     0     0     0     0     0     0     0     0     0     0     0     0     0     3
 1915     0     0     0     0     0     0     0    10     0   137     0     0     0     2     0     0     0     0    25     0     0    10     0     0     0    26     0     0     0     0
 1916     0     0     0     0     0     0     0    72     8     5     0    28    11     0     0     0     0     0     0     0     0     0    18     0     0     0     0     0     0     0
 1917     0     0     0     0     0     0     0     0     0     0     0     0     0     0    10     0     0     0     0     0     0     2     0     0     0     0    10     0     0     0
 1918     0    21     0     0     3     5    17     0     0     0     0     0     0     0     9     4    23     0     0     0     0     0     0     0     0     0    60    30     0     0
 1919     0     0     7     0     0     5     0     0   140    83     0     2     0     0     0     0     0     0     0     0     4     0     0     0     0     0     7    52    11     0
 1920   114     3     0     0     0   123     0    33     0     0     0     0     0     4     0     0     0     0     0     0    99     0     0     0     0    10     0     0     0    13
 1921     0     0     0     0     0     0     0    95     0     0     0     0     0     0     0     0    48     0     0     0     0     0     0     0     0     0     0     0     0     0
 1922   129     4     0     0    37     0     0     0     5     0     0    60    36     0     0     0    63     0     0     0     0     0     0     0     0     0    20     0     0    72
 1923     0     0     0     0     0     0     0     0     0     0     0    17     4     0     3     0     0     0     0     0     0     0    25     0     0     0     0     0     0     0
 1924     0     0     0     0     0     0    25     0     0     0    57     0     0    20     0     0     0     0     0     0    31     0     0     0     0     0     0     0     0     0
 1925     0     0     0   126    23     0     0     0     0     0     0     0     0     0     0     0     0     0     0     0     0     0     0     0     0    15     0     0    40    16
 1926     0     0     4     0     0     0     0    25     2     0     0     0    10    70     0     0     0    68     0     0     0     0     0     0     0     8     0     0     0     0
 1927     0     0     0     0     0     0     0     3     3     0     4     0     0    11   125     0     0     0     5     0     7     0     0     9     0     0     0    23     0     0
 1928    52    28     3     0     0     0    65     0     9     0     0     0     0     3     0    63    33     0     0     0     0     0     0     0     0     0     2     0     0    10
 1929     0     0     0     0     0     0     0     0     0    26     0    55    10     0     0     0     0    14     0     0     0     0     0     0     0     0    17     0     0     0
 1930     0     0     0     0     0     0     0     0     0     0     0     0     0     0    43   122     0     0     0   115     0     0     8     0    21     0     0     0     0     0
 1931     0     0     0     0     0     0     0     0     0    30     0    20     0    30    55     0   136     0     0    43     0    28   102    28     0     0     0     0     0     0
 1932     0     0     0    14     0     0    32   130     0     0     0     0     0     0     0     0     0     0     0     0     0     0     0     0     0     0     0     0     0     0
 1933     0     0     0     0    20     0     0     0     0     0     0     0     0     0     0     0     0     0     0     0     0     0     0     2     2     0     0     0     0     0
 1934     0     0     0     0    20     0     0     0     0     0     0     0     0     0     0     0     0     0     0     0     0     0     0     2     2     0     0     0     0     0
 1935     0     0    84     0     2     0     0     0     5     0     0     0     0     0     0     0     0     0    51     0    10     0     0     0     0    17    73    17     0     0
 1936    58    23     0     0     0     0     0    19     0     0     0     0     0     0     0     0     0     0     0     0     0     0     0     0     0     0     0     0     0     0
 1937     0     0     0     0     0     0     0    10     0     0     0     0     0    19     0     0     0    10     0     0     0     0     0     0     0     0     0    57     0     0
 1938     0    10     3   102    95     0     0    75     0     0     0     0     0     0     0     0     0     0     0     0     0     0     0     0     0    15     0     0     0     0
 1939     0     0     0     0     0     0     3     0     0    55     0     0     0     0     0     0     0     0     0     0     0     0     0     0     3     0     0     0     0     0
 1940     5     0     0     0     0     0     0     0    58    64    59    40     0     0     0     0     0     0     0     0    76    13     0     0     0     0    10     0    16     9
 1941   148     0     0     0    23     7     0     0     0     0     0     0     0     0     0     0     0     0    15    14     0     0     0     0     0     0     0     0     0     0
 1942     0    29     0     0    69     0     0     0    21    19     0     0     0     0     0     0     0     0     0     0    26     0     0     0     0    55     0     7    10     0
 1943     0     0     0     0     0     0    90    25     9     0     0     0     0     0     0     0     0     0     0     0     0     0     0     0     0     0     0     0     0     0
 1944     0    13    32     0     0     0     0     5     2     7     0     0     0    25     7     0     0     0     0     0     0     0     0     6     0    15     0     0     9     0
 1945    78    39     0     0     0     0    12    26    30     0     0    23    50     0     0     0     0     4     0     0    10    15     0     0     0     0    25     0     0     0
 1946     0    48     0     0     0     0    28    13     0    38     0     0     0     0     0    31     0     0     0     0     0     0     0     0    13     0     2     0     0     0
 1947     0     0     0     0    15     0     8     0     0     0     2     0     0     0    55    27     0     0     0     0    12    12     0     6     4     0    11     0     4     0
 1948     0     0     0    17   109    11     0     0     5     0     0     0     0     0     0     0     0     0    88    14     2     0     0     0     0     7     0     0     0     0
 1949     0     0     0     0     0     0     0     0     0     0     0     3    18     0     6     0     0     0     0    10     0     0     0    29     0     0     0     0     0     0
 1950     0     0     0     0     0     0     0     0    30     0     0     0     0     0     0     0     0     0     0     0     0     0     9     0     0     0     0     0     0     0
 1951     0     0     0    11     0     0     0     0     0     0     0    62    22     4     1     3     0     0     0     0     0     0     2     0     0    26     0     0     0     0
 1952     0     0     0     0     0     0     0     0     0     0     0     0     0     0     0     0    53     1     1     0     0     0     0     0    27    82     1     0     0     0
 1953     0     0     0     0     0     0     0     0     0     0     0     0     0     0     0     0     0     0     1    99    17     0     0     0     0     0     9     0    12     0
 1954     4     1     0     0     0     0     0     0     0     0     0     0     0     0     0     0     0     0     0     0     0     0     1    16     1     0     8     0     1     0
 1955     0     0     0     0     0     0     0     0     0     0     1     0     0     0    31    11     0     1    14     0     0     0     4     0     0     0     0     1     0     0
 1956     0     0     0     4     0    25     0     0     0     0     0     0     0     0    96    17     0     0     1     0    34     2     0     1     0     1     0     1     0     0
 1957     0    59    11     1     0     0     0     1     1     0     0     0    27     4     2    61     0    57    85     1     1     0     0     0     0     0     0     0     0     1
 1958     0     0     0     0     0     0     0     4     1    57     0     0     0     1     0     0     7   239     1     0     0     0     0    14     0     0     0     1     0     0
 1959     0     0     0    70   132    21     1     0     0     0     0     0    15     3     0     0     0     0     0     0     0     0     0     6     1     8     1     1     0     0
 1960    73     1     0     2     9     1     0     0     0     0     0     0     0     0     1     1     1     0     0     0     0     0     0     0     0     0     0    24     1     1
 1961     0    16    81     0     0     0     0     0     0     0     0     0     1     0     0   105    16     0     0     0     0    43     3     0     0     0     0     0     0     1
 1962     0     0     1     8     0     0     0     0     0     0     0     0     0     0     0     0     2     0     0     0     1     0     0     0     0     0     0     0     0     0
 1963     3     0     0     0     0     0     0     0     3     0     0     0     0     0     0     0     0     0     0     4     4    61    41     0     0     0     0     0     0     1
 1964     0    17     1     0    24     1     0     0     0     0     0     5     1     0    20     3     0     0     0    15    17     0     0     0     0     0     0     8     0     0
 1965     0     0     0     0     0     0     0     1     0     1     1   107    13     0     0     1     0     0     5     0     0     0     0     1     5    42    16     1     1     0
 1966     0     0     0     0     0     0     1     1    10     9     0     5     0     0     0     0     0     0     0     0     0     0     0     0    12     1     1     0     0     0
 1967     0    17     0     0     1     0     0     0     0     0     1     0     0     0     0     1     8     0     0     1    10     0     1     0     0    12     0     0     0     0
 1968     0     0     0     0     0    13     5     1     1     0     0     0     0     0    17     0    25     0     4     1     0     0     0     0     0     0     0     0     0     0
 1969     5     0     2     5     0     0     0     0     0     0     0     5     0     1     3     0     1    16     0     0     0     0     0     0     0     0     0     0     0     0
 1970     0     8    32     7     0     0     0     1    34    23     0     1    12     5     0     0     0     0    18    69     0     0     0     0     0     0     0     0     0     1
 1971    94     0     0     0     0     0     0     2     0     0     0     0     0     0   113    13    33     0     0     0     0     0    15     0     0    16     0     0    49     0
 1972     0    61     0     0     0     0     0     0     0     3     0     1     0     0     0     0     0     0     0     0     0     0     0     0     1     1     0     0     0     0
 1973     0     0     0     0     0     0     0     0     0     0     0     0     0     0    53    15     0     0     0     6    68     0    21     0     0     8     0     0     0     0
 1974    22     0     0     0     0     0     0     0     0    15    33     0     0     0     0     0     0     0     0     0     0     0     0     0     0     0     0     0     0     0
 1975     0     0     5     2     0     0     5     0    13   262     0     0     0     0     0     0     5     0     1    22    27     0     0     5    12     0     8     0     1    92
 1976     0     0     0     1     0     0     0     0     0     0     0     0     0     0     0     0     0     0     0     0     1     1     1     0     0     0     0     0     0     0
 1977    12     0    21     0     0     1    48     1     8     0     0     0     0     0     1     0     1     0     0     1     1     0    26     7    32     0     9    10     0     0
 1978     0     0     0     0     1     0     0     0     0     0     0     1   106     0     0     0    77    11     0     4     0     0    32     0     0     1     3     3     1    20
 1979    38     1     0     0    18    52     0     0     1     5     0     0    18     0     0     0     0     0     1     0     8    28     1     0     0     0     0     1     1     1
 1980     0     0     0     0     0     0     0     0     0     0     0     5     0    34     0     0     0     0     0     0     0     5     1     0     0     0     0     1     7     0
 1981     1     0     4     0     5    43     0     0     0     0     0     0     0     0     0    28     0     0     4    13     1     0     1    52     0     1     3     0     0     0
 1982    10     0     0     1     1     0     0     0    23   127     1   191     0     1     0     0     0     0     0     1     0     0     0     0     0     0     0    27    18     1
 1983     1     1     0     0     0     0     0     1    16    46     0     0     1    15    16     0     0     0    55    25     1     0    75    54     0     0     1    53    17     2
 1984   115     0     0     0     0     0     1     0    56    12     0     0     0     0     0     0     0     0     0     0     0     0     0     0     0     0     0    20     0    20
 1985    18     0     0     0    11     0     0     0    51    45     0     1    31     0    26     0     0    30    15     0     0    50     0     0     0     0     0    20     0    55
 1986    32     0     0     0     0     0     0    26     0     8     0     0     0     0     0     0     0    33     8    50     0     0     0     0     0     0     0     0     0     0
 1987     0     0     0     0     0     0    51    20     0     0     0     0     0     0     0    11    55     0     0     0     0     0     5     0     0     0     0     0     0     0
 1988     0     0     0    42     6     1     1     0     1     1     0    51     0     0    12    92     0     0     3     0     0     0     0     0     0    41     1     5    42     3
 1989     1     1     1     1    19     0    20     1     1     0     0     0     0     0     0     1     0     0     0     0     8     3     0     0     0     0    12     9     0     0
 1990     0     5    19     4     0     9     0     9     1     1     0     0     0     0     0     0     0     0     0     1     5     0     0     0     0     1    15     1     0     0
 1991   174    20     0     0    10     0     0     0     0     7     0     1     0    18     6     0     7    61     0     0     0     0    14     0     0     8    33     0    34    25
 1992    68   100     3     0     2     1     1     1     1     2     0     2     1     0     0     0     0     0    12   190    54     0     6     1     7    39     0     0     0     1
 1993     0     0     0     0     1     1     0     1     0     1     0     1    32     1    21     0     0     0     1     0     0     0     0     1    39     1    18     5     0     1
 1994     0     0     0     0     0     0     0     0     0     0     0     0    44     4     0     0     0     6     0    39    75     0     0     0     0     0    50    11     0     0
 1995   157     1     0     0     0     0     0     0     3     1     0     0     0     0     0     0     0     0     0     0     1     0     0     0     0     0    50     0     0     0
 1996     0     0    22     8     8     0     0     0     0     0     0     0     0     0    41   196    31     0     0    13    26     0     0     0     0     0     3     2    16    30
 1997     1    11     4     0     1     0     0     0     3     1     0     0     1     1     8     0     0     1     0     1     0     1     0     0     0     0     0     0     0     0
 1998     0     0     0     0     0     0     0    11    20    98    15     0     0     0     0     1     0     1     0     0     0     0     0     0     0     0     0     0     1     1
 1999     0     0     0     0     0     0     0     0     0     6     0     0     0     0     0     0     0     0    54     0     0     0   146     3     0     5     0     0     0     0
 2000     0    60     0     0     3    84    22     0     0     0     0    20     1     1     0    25     0     0     0     0     0     0     0     0     0     0     0     0     0     0
 2001     3     0     0     0     0     0     0     0     0     0     0     0    23     0     0     0     0     0    15     0     0     0     0    11    17    14    31     3     2     0
 2002     0     0     0     0    48     0     0     0     0     1    13     0     0     0     0     1     0     0     0     0     0     0     0     0     0     0     0     0     0     0
 2003     0     8    51   124     0     0     0     0     0     1     3     0     0     0    17     1     0   112     0     0     0     2    17     0     0     0     0     0     0     0
 2004    13    21     0     0     0     0     0     0     0     0     8     0     0     0     0     0     0    16    63    14     0     0     0     0     0     7    50     3     0     0
 2005     0     0     0     1     0    24     0     0     0     0     0     1     5     0    35    41     0     0     0     0     0     0     0     0     1     0     8    51    22     0
 2006     0     0     0     0     0     0     0     0     0    33     0     0    27     0     0     0     0     0     0     0     0     0     0     0     0    16    29    78    35     0
 2007     0     0     0     0     0     0     0     0     0     0     0     0     0     0     0     0     0     2     0     0     1     0     0     0     0     0     0     0     0     2
 2008    00    00    00    00    15    61    16    10    00    00    19    22    14    18    00    00    00    00    00    00    00    01    00    00    00    00    00    00    00    22
 2009    00    00    00    08    00    00    00    00    00    00    00    00    00    00    00    00    00    00    03    00    00    00    05    00    16    07    00    00    00    00
 2010    00    00    00    00    00    00    00    00    00    00    00    25   105    05    03    00    24    00    00    00    11    11    00    06    07    01    00    00    24    15
 2011    00    38    24    00    00    00    00    03    95    00    00    00    00    01    00    00    00    00    02    00    00    00    00    00    00    19    01    00    00    00
 2012    00    00    00    03    00    19    03    00    00    02    86    00    00    00    00    00    00    00    14    00    00    00    00    00    00    00    00    00    00    00
