 1893     0     2     0     0     0     2     0     0     2    28     0     0     0    47    21     0     0     0     0     0     0     0     8    53     3     0     6     0     0     0     0
 1894     0     0     0     0     0     0     0     0     0     0    25     0     0     0   150     0     0     0     0     0     0     0     0     0     0     0     0     0     0     0     0
 1895     0     0    10     0     0     0     0     0     0     0     0     0     0     0     0     0    50     0     0    70     0     0     0    60     0     0     0     0     0     0     0
 1896    21     0     0     0     0    11     0     0     0     0     0     0     0    10     0     0     0     0     0     0     0     0     0     0     0     0     0     0     0     0    25
 1897     0     0    77     0     0     0     0     0     0     0     0     0     0     0     0     0     0     0     0    42     0     0     0     0     0     0     0     0     0     0     0
 1898     0     0     0     0     0     0     0     0     0     0     0     0     0     0     0     0     0     0    21    10     0     0     0     0     0     0     0     0     0     0     0
 1899     0    10     0     0     0     0     0     0    17    38    95    41     5     0     0     0     0     0     0     0     0     0     0     0     0     0     0     0     0     0     0
 1900     0     0     0     2     0     0     0     0     0     0     0     0     0     0     0     0    10     0     0     0     0    48    12     0     0     0     0     0     0     0     0
 1901     0     0     0     0     0     0     0     0     7     0     0    16     0     0     0     0     0     0     0     0     0     0     0     0     0     0     0     0     7     0     0
 1902     0    56    34     0     5     0     0     0     0     0     0     0     0     0    44     2     0     0    31    74     6     0    31     2     0     0     0     7     6     0     0
 1903     0     0     0     4     0     0     0     4    30     0     0     0     0     0     0     4     0     0     0     0     0     0     0     0    14     0     0    24     0     0     0
 1904     0     4     0     0     0     0     0     0     0     0    30     0     0     0     0    43     0     0     0     0     0     0     0     0     0     0    97     0     0     0     0
 1905    44   100     7     0     0     0     0     0     0     0     0     0     0    44    15    45     5     0     0     0    20     8     0     0     0     0     0     0     0     0     0
 1906     0     0     0     0    32     2     0     0     0     0     0     0     8     2     0     0     0     0     0    20     0     0     0     0     0     0     0     0     0    85    53
 1907    10     0     0     0     0     0     0     0     0    24     0     0     0     0     4     0     0     0     0     0     0     0     0     0     0     0     0     0    55     0     0
 1908     0     0     0     0     0    30     0    10     0     0     0     8     0     0     0    74    45     3     0     0     0     0     0     0     0     0     0     0     0     0     0
 1909     0     8    15     5    32     0     0     0     0     4    28    18     0     0     0    15     0     0     0    15     5     0     0    42    13    15     5     4     0     0     0
 1910     0     0     0     0     0     0     0     0     7     0     0     0     0     0     0     0     0     5     0     0     0    16     0     0    35     0     0     0     0     0     0
 1911     0     0     0     0     0     0     0     0     0   120     0    12     0     0     0     0     0     0     0    12     5     0     0     0     0    60     0     0     0     0     0
 1912    67     0     0     0    43     0     0     0     0     0     0     0     0     0     3     0     7     0     8     0     0     0     0     0     0     0     0     0     0     0     0
 1913     5     0     0     0     0     0    23     0     0     0     0     0     0     0     0     0     0     0     0     0     0     0     0     0     0     0    11     0     0     0     0
 1914    37     0     0     0     0     0    26     0     0     0     0     0     0     0     0     0     0     0     0     0    28     9     0     0     0    12     0     0     6     0     0
 1915     0     0     0     0     0     0     0     0     0     0    24    16     0     0     0    40     0     0     0     0     0     0     0     0     0     2     0     0     0     0     5
 1916     0     0     0     0     0     0     0     0     0     0     0     0     7     0     0     0     0     0     5     0     0     0     0    30     0     0    53     0     0     0     0
 1917     0     0     0     0     0     5     0     0     0     0     0     0     6     2     0     3     0     0     0     0     0     0     0     0     0     0     0     0     0     0     7
 1918     6     3     0     0     0     0     0    19     0     0     0     9     0     0     0     0     0     0     0    13     0     0     0     0     0     8     0     0     0     0     0
 1919    80     0     0     0     0     4     2     0    32     0     0     0     0     0     0     0    36     0     0     0     0     0     0     0     0     0     0     0     3     0     0
 1920     0     0     0     0     0     0     0     0     0     0     0     0    61    42     0     0     0     0     0     2    70     7     0     0    17     0     0     0     0     0     0
 1921     7     0     0     0     0     0     0     0     0     0     0     0     0     0     0    72     0     0     0     0     0     0     5     0     0     0     0     0     0     0     0
 1922     0     0     0     0     0     0     0     0     0     0     0     0     0    40     0     0     0     0     0     0     0     0     0     0     0     0     0     0     0     0     0
 1923    10     0     0     0     0     0     0     0     4     0     0     0     0     0     0     0     0     0     0    30     0     0     0     0     0     0     0     0     0     0    80
 1924     0     0     0     0    52     0     0    20     0     0     0    37     0     0     0     0     0     5    20     0     0     0     0     0     0     0     0     0     0     0     0
 1925     0     0    45    11    48     0     0     0     0     0     0     0     0     0    16     0     0     0     0     0     0     0    16    32     0     0     0     0     0     0     0
 1926     0     0     0    24     8     0    40     0     0     0     0     0     0     0     0     0     0     0     0     0     0     0    25     0     0     0     8     0     0     0     0
 1927     0     0    24     0     0     0    50     0     0     0     0     0     0     0    20     0     0     0     0     0     0     0     0     0     0     0    10    30     0     0     0
 1928     0     0    33     0     0     0     0     0     0     0     0     0    60    25     0     0     0     0     0     0     0     0     0     0     0     0     0     0     0     0     0
 1929    26     0     0     0     0     0     0     0     0     0     0     0     8     3     0     3     8     0     0     0     0     0     0     0     0     0     0     0     0     0     0
 1930     0     0     0    14     0     0     0     0     0     0     0     0     0     0     0     0     0     5     0     9     0     0     0     0     0     0     0     0     0     0     0
 1931     0     0     0     0     8     0     0     0    23    20    80     0     0     0     0     0     0     0     0     0     6    12     0     9     0     0     0     0     0    27    25
 1932     0     0    27     2     0     0     0     0     0     0    25     0     0     0     0     0     0     0     0     0     0     0     0   130     0     0     0     0     0     0     0
 1933     0    38    12     0     0     0     0     0     0     0     0     0     0     2     0     0     0     0     0     0     0     0     0     0    40     0     0     0     0     0     0
 1934     0    38    12     0     0     0     0     0     0     0     0     0     0     2     0     0     0     0     0     0     0     0     0     0    40     0     0     0     0     0     0
 1935     0     0     0     0     0    24     0     0     0     0     0     0     0     3     3     0     0     0     0     0     0     0    13     0    10     0     0     6     0     0     0
 1936     0     0     0     0    15    20     0     0     0     0     0     0     0     0     0     0     0     0     0     0     0     0     0     0     0    18     0     0     0    75     0
 1937     0     0     0     0     0     0     3     7     0     0     0     9     0    13     0     0     0     0    18     0     0     0     0     0     4     0     0     0     0     0     0
 1938     0     0     0     0    58     0    10     0     0     0     0     0     0     0     0     0     0     0     0     0     0     0    11     0     0     0     0     0     0     0     0
 1939    18     5     0     0     0     0     0     0     0     0     0     0     0     0     0     0     0     0    23    10     0     0     0     0     0     0     0     0     0     0     0
 1940    19    12     0     0     0     0     0     0     0     0     0     0     3     0     0    97    15     0     0    16     0     0     0     0     0     0     0     0     0     0     0
 1941     0     0     0     0     3     0     0     5     0     0     0    11     0     0     0     0     0     0     0     0     0     0    39    23     0    71     0     0     0    25    18
 1942    32     0     0     0     0     0     0     0     0     0     0     0     0     0     0     0     0     0     0    21     0    77     0     0     0     0    58     0     0     0     0
 1943     0     0     0     0     0    49     0     0     0     0     0     0     0     0     0     0     0     0     0     0     0     0     0     0     0     0     0     0     0     0     0
 1944     0     0     0    55    21     0     0     0     0     7     4     0     0     0     0     0     0     0     0     0     0     0     7     0     0     0    25     0     0     0     2
 1945    16    65     0     0     0     0     0     0     0     0     0     0    15     5     0     0     0     0     0     0     4     0     0    13    33     5     0     0     0     0     0
 1946     0     0     0     0     0     0     0     0     0     0     0     0     0     0     6     0     0     0     0     0     3     2     0     0     0     0     0    34    25     0     0
 1947     0     0     0     0    50     0     0    42     0     3     0     0     2     0     0     0     0     0     0     0     0     0     0     0     0     0     0     0     0     0     0
 1948     0     0     0     0    92     0     0     0     0     0     0     0     0     0     0     0     0    15     0     0     0     0     0     0     0     0     0     0    27     0     0
 1949    20     0     0     0     0     0     4     0    21    14    35     0     0     0     0     0     0     0     0     0     0    24     0     0     0     0     0     0     0     0    12
 1950     0    14     8     0     2    33    21     9     0     0     2     5     0     0     6     0     0     0     5     0     0     0     0     0     0    47     0     0     0     0     0
 1951     0     0     0     0     0     0     0     0     4     0     0     0     0     0     5     0     0    22     0     0    15     0     7     0    25     0     0     0     0     0     0
 1952     0     6     0     0     0     0     0     0     0     0     0     7     0     0     0     0     0     0     0    59     6     0    28     2     0     0     0     0     0     0     0
 1953     0     0    10    49     0    23     0     0     0     3     0     0     3     0     0     6     0     0     0     0    14     7     0     0     0     0     0     0     0     0     0
 1954    28     0     0     0     0     0     0     0     5     0     0     0     0     0    17     0    12     0     0     0     0     0     0     0     0     0     0     0     0     0     0
 1955     0    19     5    15     0     0     0     0     0     0     0     0     0     0     0     0     0     2     0     7     3     0     0     0     0    10     0     0     0     0     0
 1956     0     0     0     0     3     0     0     0     0     0     0     0    19     0     0     0     0     0     0     0     0     0    10     9     0     0     0     0     0     0     0
 1957     0     0     0     0     0     0     0     0     0     0     0     0     0     0     0     0     0     0    37     0     0     0     0     0    14    10     0     0     0     0     6
 1958     0     0     0     0     0     0     0     9     0     0     4     0     0     0     0     0     0     0     0     0     0     0     0     0     0     0     0     0     0     0     0
 1959     0     0     0     0     0     0     0     0     0     0     0     0     0     0     0     0     0     0     0     0     2     0    37     0     0     0    25    69     7     0     0
 1960     0     0     0     0    34     0     0     0     0     0     0     0     0     0     0     0     0     0     0    17     0     0     0     0     0     3     0     0     2     0     0
 1961     0     0     0     0     0     0     0     0    10    13     0    35     0     0     0     0    36     0     0     0     5     0     8     0     0     0     0     0     0     0     0
 1962     0     7     0     2     0     0     0     0     0     0     0     0     0     0     0     0     0     0     0     0     0     0     0     0    17     0     0     0     0     0     0
 1963     0     0     9     0     0     0     0     0     0     0     0    24     0     0     0     0     5    12     0     0     0     0     0     0     0     0     0     0     0     0     0
 1964     0     5     0     0     0     0     3     2     0     0    45     0     0     0     0     0     0     0     0    10     0     0     0     0     0    27     0     0    12     0     0
 1965     0     0     0     0     0     0     0     0     0     0    84    77    11     0     0     0     0     0     0     0     0     0     2    20     0     0     0     0     0     0     0
 1966     0     0     0     0     6    23     0    19     0     0     0     0     0     0     0     0     0     0     2     0     0     0     0     0     0     0     0    40    17     0     0
 1967     0     5     0     0     0     0    77    10     0     6     0     0     0     0     0     0    11    12     0     0     0     0     0     0     0     0     0     0     0     0     0
 1968     0     6     0     0     0     0     0     0     0     0     0     0     2     3     0     0     0     0    65     0     0    49     7     0     0     0     6    60     5     0    11
 1969     0     0     0     0     0     2    23    18     0    14     0     0     0     0     6     0     0     0     0     0    14     0    36     0     7     0     0    32     0     0     0
 1970    11     0     0     0     0     0     0     0     0     0    86     0    10     0     0     0     0     0     0     0     0    11     0     0     0     0     0     0     0     0     0
 1971     0     0     0     0     6     0     0     0     3    86    12     0     0     0    38     0     0     0     0     0     0     0     0     0     0     0     0     0     0     7     0
 1972     0     0     0     0     0     0     0     0     0     5     0    32    31     0     0     0     0     0     0     0     0     0     0     0     0     0     0     0    27    68     0
 1973     0     0     0     0   136     0     0     0     0     0     0     0     0     0    15     0     0     0     0     0     0     0     0     0    70     0    13     0     0     0     0
 1974    82     0     0     0     0     0    71     0     0     0     0     0    10     0    37     0     0     0     7     0     0     0     0     0     0     0     0     0     0     0     0
 1975     0     0     0     0     0     0     0     7     0     0     0     0     0   134     0     0     0     0     0     0     0     0     0     0     0     0     0     0     0     0     0
 1976     0     0     5     0     0    15     0     0     0     0     0     0     0     0     0     0     0     0     0     0     0     0     0     0     0     5     0     0     0     0     0
 1977     6     0     0     0    10     6     0    10     9     0     0     0     0     0     0     0    11    15     0    12    11     0     0     0     9     0     0     0     0     0     0
 1978     0     0    20     0     0     0     0     9     0     0     5     0     0     0     0     0     0     0     0     0     0     0     0    10     0     4     0     0     0    12     0
 1979     4     0     0     0     0     0     0     0     0     0     0     0     0     0     0     0     0     0     0     0     0     0    50     0     0     0     0     0     0     0     0
 1980     0    34     0     0     0     0     4     0     0     0     0     0     0     0     0     0     0     0     0     0     0     0     0     3     0     0     0     0    18     0     0
 1981    60     5     0    12     0     0     0     0     0     0     0     0     0    11     0     0     0     0     0     0    18     0     0     0     0     0     5     0     0     0     0
 1982     0     0     0     0    70    50     3     0     0     0     0     0     0     0     0     0     0     0     0     0     0     0     0    19     3     0     0    82     0     0     0
 1983     0     0     0     0    10     0     0     0    36     0    16     4     0    14    13     0     0     0     0     0     8     0     0     0     0     0     0     5     0     0     3
 1984     0     8     0     0     0     4     0     0     0     0     0     0     2    37     0     3     0     0     0     0     0    75     0     0     0     0    12     2     0     0     0
 1985    91     0     0     0     0     0     0     0     0    19     0     0     0     0     0     2     0     0     0     0     0     0     0     0     0     4 -9900     0     0     0     0
 1986    24     0     0     0     0     0     8    12     0     0     0     0     0     0     0     0     0     0     0     0     0     0     0     0     0     0     0     0     0     0     0
 1987     0     0    16     0     0     0     0     0    45     0     4     0     0     0    14     0     0     0     9    34     0     0     0     0     0     0     0    78     0     0     0
 1988     0     0     0     0     0     0     0     0     0     0     0     0     0     0     0     0     0     0     0    18     0     0     0     0     0    15     6     0     0     0     0
 1989     0     0     0     0     0     0     0     0     0     0     0     0     8     0     0     0     0     0     0     0     0     0     0    13     0     0    13     0     0     0     3
 1990     0     0    95     1     0     0     0     0     0     0     0     0     0    52     0    41     1    13     1     1     5     0     0     0     0     0     0     1     1     1     0
 1991     0     6    15     1     1     0     0     0     1     0     0    74     0     1     7     0     0     0     0    42     0     1     0     0     0     0     0     0     0     0     1
 1992     7     0     0     2     0    10     2     0     4     0     0     0     0    21     9    18     0     4     1     0     0     0     4     0     0     0     0     0    26     4     0
 1993     1     1     0     1     1     3     0     0     1     0     0     1     1     7     0     0    13     1     0     1     1     5     1     1     1     1     1     0     1     6     1
 1994     0     0     0     0     0    13    34     1     0     0     0     0     0     1    29     0     0     0     0     0     0     0     0     0     0     0     0     0     0     0     0
 1995     0     0     0     0     1     0     0    10     2     0     5    11     5     7     0     0     0     0     0     0     0     0     0     0     0     0     0     0     0     0     1
 1996     1     0     8     0     8     3     0     0     0     0     1     1     0     0    46     0     0     1     4     0     0     0     1    13     2    15     0     0     0     0     0
 1997     0     0    33     0     1     0     0     1     1    14     0     0     0     0     0     0     0     0     0     0     0     1     0     0     0     1     0     0     1     1     0
 1998     0     0     0     0     0     0     0     0     0     0     0     0     0     0     0     0     1     0     0     0     4     0     0     0     0     0     2     0     3     0     0
 1999     0     0    29     3     0     0     0     0     0     0     0     0     0     0     0     0     0     0     0     0     0     0     0     0     0     0     6     0     0     0     0
 2000     0     0     0     0     0     0     0     0     0     1    28     1     5     6     0    14     0    20     1    22     0     0     5     0     0     0     0    23    23     0    18
 2001     6     0     0     0    23     0     0     0     0     0     0     0     0     0     0     5     0     0     0     0     0    36     2     1     0     0     0     0     0     0     0
 2002     0     1     0     0     0     0     0     0     0     0     0     0     0     0     0     0     0    24     0     0     0     0     0     0     0     0     0     0     0     0     0
 2003     0     0     0     0    22     0     0     0     1    13     0     0     0     0     0     6     0     7     0     0     0     0     0     0     0     0     0     0     0     0     0
 2004     0     0     0     0     0    25     0     1     0    21     0     0     0     0     0     0     0     0     0     0     9     0     0     0     0     0     0     0     0     6     0
 2005    33     0     6     4     0     0     0    10     1     1     0     0     0    30     0     2     0     0     0     0     0     0     0     0     0     0     0     0     0     4     1
 2006     0     0     0     0     0     0     0     0     0     0     0    37     0     0     0     0     0     0     0     0   102     5     0     0     0     0     0     0     0     2    62
 2007    21     0     0    20    20     1    15     0     8     0     6     0     0     0     0     0     0     0     0     0     1     0    43     0     0     2     0     9     0     0     0
 2008    00    00    01    02    00    04    01    07    55    00    00    01    00    01    00    09    12    00    15    05    02    00    05    09    00    14    11    08    00    00    01
 2009    00    00    04    01    00    00    06    08    72    00    00    00    00    04    00    00    00    00    00    02    00    29    00    54   100    20    01    00    00    06    03
 2010    00    00    04    38    00    01    00    00    08    00    93    36    00    00    00    19    01    00    00    26    20    00    00    57    01    00    00    00    01    23    01
 2011    01    00    53    50    00    01    00    00    00    00    00    06    00    42    06    00    05    00    00    00    00    01    00    01    00    00    05    00    00    43    00
 2012    01    01    00    00    00    00    00    00    32    00    01    00    00    00    49    02    00    11    00    38    00    00    00    01    00    00    00    08    02    00    00