 1893     0     0     0     0     0     0    70     0     0    40     0     0     0     0     0     0     0     0     0     0     0    90     0     0     0     0     0     0     0     0     0
 1894     0     0     0   112    34     0     0    15     0     0     0     0     0     0     8     0     0    42     0    26     0     0     0     0     0     0     0    46     0     0     0
 1895     0     0     0     0     0    10     0     0     0     0     0     0     0     0     0     0     0     0     0     0     0     0     0     0     0     0     0     0     0     0    45
 1896     0     0     0     0     0     0     0     0     0    25     0     0     0     0     0     0     0     0     0     0     0     0     0     0     0     0    37     0     0     0     0
 1897     5     0     0    15     0     0    28     7     0     0     0    15     0     0     0     0     0     0     0     0     0     0     0     0     0     0     0     0     0     0     0
 1898    24     0     0     0     0     0     0     0     0     0     0    54     0     0     0     0     0     0     0     0     0    81     0     0     0     0    96     3     0     0     0
 1899     3     4     0     0     0     0     0     0     0     0   110    80     0     7    18     0    36    10     0     0    18     4     0    61     0     0     0     0     0     0     0
 1900     0     3     0    43    52    22     0     0     0     0     0     0     0     0     0     0     0     5     0     0     0     0     0     0    35     0     0     0    39    21     0
 1901     0     0     0     0     0     0     0     0     0    65     0     0    32     0     0     0     0     0     0    90     0     0     0     6    37     0     0     0     0    52     0
 1902     3     4     0     0     0     0     0     0     0    48    62     0     0     0    21     0     0     0     0    28     0     0     0     0     0    11     0     0     0     0     0
 1903     0     0     0    10     0     0    29     0     0     0     0     0     0     0     0     0     0     0    33     0     0    12    64    13     0     7     0     0     0     0     0
 1904     0     0     0     0     0     0     0     0     0     0     0     0    12    20     0     4     0     0     0     0    26     0     0   130     0     0     0     0     0     0    30
 1905     0     0     0     0     0     0    22     0     0     0     0     4    20    56     0    10    26    53     0     0     3     0     6     0     9     0     0     0     0     0     0
 1906     0    36    42     0     0     0     0     5     0     0     0     2     0     0     0     0     0     0     0     0     0     0     0     0     0     0     0     0     0     0     0
 1907     7     0     0     0     0     0    24     0     0     0    16     8    10     0     0     0    10     0     0     0     0     0     0     0     0     0     0     0    41     0     0
 1908     0     0     0     0   170     0     0     0     0     0     0     0     0     0     0     0     0     0     0     0     0     0     0     0     0     0    20     0     0     4     0
 1909     0     0     0     0     0     0     0    45    74     0     0    16     5     0     5     0     0     0     0     0     0     0     0     0     0     0     0     0     0     6     0
 1910     0     0     5     0     0     0     0     0     0     0     0     0     0     0     0     0     0     0     0     0     0     0     0     0     0     0     0     0     0     0     0
 1911     0     0     0     0     0     0     0     0     0     0     0     0     0     0     0     0     0     0     0     0     0     0     0     0     0     0    43     0    25     0     0
 1912     3     0    13     0     0     0     0     0     0     0    20     0     0    16     0     0     2     0     0    30     0     0     0     0     0     0     0     0     0     0    12
 1913     8     0     0     0     0     0     0     0     0    15     0     0     0   230    20     0     5     0     0    24    83     0    15    67     5     0     0     0     0     2     0
 1914     0     0     0     0    12     0     0     0    12     0     0     0     0     0     0     0     0     0     0     0     0     0     0     0     0    16     0     3    45     0    25
 1915     0     0     0     0    46     0     0     0     0     0     0     0     0     0     0     0     0     0     0     0     0     0     0     0     0     0     0     0     0     0     0
 1916     5     0     0     0     0     0     0     0     0     0     0     0     0     0     0     0     0     0     0     0     0    85     0     0    65     0     0     0     0     0     0
 1917     0     0     0     0     0     0    13     0     0     0     0     0    45   100     0     0    45     0     0     0     0     0    60     0     0    10     0     0     0     0     0
 1918     0     0     0     5     0     0     0     0    15    34     0     0     0   131     0     0     0     0     0     0     0     0     0     0     0     0     0     0     0     0     0
 1919     0     0     0     0     0     0     0     0     0     0     0     0     0    21   160     0     0     0     0     0     0     0     0     0    19     0     0     0     0     0     0
 1920     0     0     0    37     0     0     0     0     0     0    53     0     0     0     0     0     0     9    28     0     0     0    25     0    58    53     0    19     0     0     0
 1921     0     0     0     0    30     0     0     0     0     0     0     0    20    10     0     0     0     0     5     0     0     0     0    22     0    24     0     0     0     5     0
 1922     0     0     0     0     0    20     0     0     0     0     0     0     0     0     0     0    12    28    54     0     0     0     0    15     0     0     0     0     0    10     0
 1923     0     0     3    60     0     0     0     0     0     0     0    60     0     0    60     0     0    30     5     0     0    30     0     0     0     0     0     0     0     0     0
 1924     0     0    48    48     0    24     0     0    16     0     0     0     0     0     0     0    32     0     0     0     0     0     0     0    50     0     0    10    60     0     0
 1925     0     0     0     0     0     0     0     0    36     0     0     0    20    20     0     0     0     0     0     0     0     0     0     9     0     0     0     0     0     0     0
 1926     0     0     0     0     0    24     8     0     0     0    16     0     0     0     0     0     0     0     0     0     0    20     0     0     0     0     0     0     0     0     8
 1927     0     0     0     0    12     0     0     0     0     0    40    20     0     0     0    15     0     0     0    22    11    40     4     0    58     0     0     0    11     0     0
 1928     0     0     0     0     0     0     0    50     0     0     0     0    15     0     0     0     0     0     0     0     0     0     0     0     0    24     0     0     6     0     0
 1929     0     0     0     0     0     0     0     0     0     0     0     5    40     0     0     0     0     0     0     0     0    25     0     0     0     0     0     0     0     0    93
 1930     0     0     0     0     0     0     0     0     0     0     0     0     0     0    36     0    30     0     0     0     0     0    25     0     0     0     0     0     0     0     0
 1931     0     0     0     0     0     0     0     0     0     0     0     0     6     0     0     0     0     0     0     0     0     0    35     2     0     0    26   165     0     0     0
 1932   100     0     0     0    12     0     0     0     0     0     0     0     0     0     0     0     0     5     0     0    43     0     0    21     0     0     0     0     0     0     0
 1933     0     0     0     0     0     0     0     0     0     0     0     0     0     0     0     0     0    15   170     0     0     0     0     0    50     0     0     0   102    23     9
 1934     0     0     0     0     0     0     0     0     0     0     0     0     0     0     0     0     0    15   170     0     0     0     0     0    50     0     0     0   102    23     9
 1935     0     0    15   100     0     0    47     0     0     0     0     0     0     0     0    12     0     0     0    13     0    34     0     0     0     0     0     0     0     5     0
 1936     0     0     0     0     0     0     0     0     0     0   103     9     0     0    12     0     0     0     3     0     0     0    64     0     0    13     0     0     0     8     0
 1937     0     0     0    10     0     0     0     0     0     0     2     0     0     0     0     0     0    20     0     3     0     0     0    40     0     0     0     0     0     0     3
 1938     0     0     0    31    15     0     0     0     0     0     0     0     0     0    58    10     0     0    10     0     0    24     0     0     3     0     0     0    52     3    93
 1939    17     0     0     5     0     0     0     0     0     0     0     0     0     0    10     0     0     0     0     0     0     0     0     0     0     0     0    14     0    20     0
 1940     0     0     0     5     0     0     0     0     0     0     0    19    23    11     0     0     0     0     5     3     0     0     0     0     0    61     0     0     0     0     0
 1941     0     0    62    12     0     0     0     0     0    18    61    14     0     0    16     0     0     0     0     0     0     0     0     0     0     0     0     0     0     0     0
 1942     0     0     0     0     0     0     0    13     0     0    19     0     0     0     0    45   105     0     0     0    28     0     0     0     0    24     8     0    17     0     3
 1943     5     0     0     0     0     7     0     0     0    83     0     0     0     0    20    57     0     0    14    28     0     0     0     0     0     0     0     0     0     0     0
 1944     0     0     0     0     0    32    24     0     0     0     0    26     0    33    11    35     6     0     0     0     0    17     0     0     0     0    29     0    18    12     0
 1945     0     0    31     0     0    40     0     0     0     0     0     0     0     0    24    16    10     0     3     0     0     0     0     0   120    36     0     0     0     0     0
 1946     0     0     0     0     0   104     0    27     9     0     0     0    42     0     0     0    63    10     0     0     0     0     0     4     0    15     0     0     0     0     0
 1947     0     0     0     0     0     0     0     0     0     2     0     0    66     8     0     0     0     0     0     0    11     0     0    65     0     0     0     0     2     0     9
 1948     0     6    12     0     0    13    50     0     0     0     0     0     0     0     0     0     0    69     0     0     0     0     0     0     0    11    16     0     2     0     0
 1949     0     0     0     0     0     0     0     0     0     0     0     0     0     0     0     0     0     0     0     0     0    65     0     0    17     8     9     0    30    15    37
 1950     0     0    21     0     0     0    19     8     0     0    46     0     0     0     0    24     0     0     0     0    15     0     0     5     0   111     4     0     0     0     0
 1951    33     0   113     0     0     0     0     0     0     0    27    36    13     3     0     0     0     3     7     0     0     0     0    15     0     0     0    33    39    16     9
 1952     0     0    21     0     0     0     0     3    13    17     6     0    29     0     0     0     0     0    55     0     0     7    50     0     0     0     0     0     0     0    30
 1953     0     8     3     0     0     0     0     0     0     0     0     5     0     0    65     0     0     0     0     0     0     2    71     0     0     0     0     0     0     0    34
 1954     0     0     0     0     0     0     0     0     0     0     4    15    20     0     0     0     0     0    10     0     0     9     0     0    32     0     6     2     0     0     0
 1955     0     0     0     0     0     0     0     6     0     0     0     0     0     0    18     0     0     0     0     0    49     8     0     0     0     0     0     0     0     0     0
 1956     0     0     0     0     0     0    36    21    24     0    44     0     0     0     0     0     2     0     0     0    12    12     0     0     0     0     0   197     5     0     0
 1957     0     0     0     0     0     7     0     0     0     0     0     0     0     6    46     0     0     0    63     0     0     0     0     0     0     0     0     4     0     0     0
 1958     0     6     0     0     6    13     0     0     0     0     0     0     0     0     0     0     0     0     0     0     0     0     0     0     0     0     0     0     0     0     0
 1959     0     0    18     0     9   105     0     0     0     0     0     0     2     0    47     0     5     0     0     0     0     0     0     0     0    11    61     0     0     0    21
 1960     0     0     5     0     0     0     5     0     4     8     8     7     3     0     0     4     9     0     0     0     0     0     0     0     0     4     0     0     0    60     0
 1961     0     0     0    34     0   128     0    73    32     0     0     0     0    30     0     0     0     0     0     0     0    37    10     0     0     0    23    34     0     0     0
 1962     0     0     0    36    10     0     0     0    14     0    28    60     0     0     0     0     0     0    13     0     0     0     0     0     0     0     0     0     4    17     0
 1963     0     0     0     0     0    39     0     0     0     0     0     8     0     0     0    10     8     0    18     0     0     0     0     0     0    59     0     0     0     0     0
 1964     0     0    26    14     0     0     8     0    19     0     0     4     5     0     0     0     0     0     0    11     7     0     0     0     0    30     0    19     0     0     0
 1965     0    47    48     0    43     0     0     0     0     0     0    15     0     0    12     0    31    50     0     0     0     0     4     0     0     0     0     0     0     0     0
 1966     0     0     0    31     0     0     0     0     0     0     0     0     0     0     0     0     0    93     0     0     0     0   182     5     0     0     0     0     0     0     0
 1967     0     0     0     0     0     0     0     0     0     0     0     0     0     0     0     0     0     0     0    50    28     0     0    11     0    60    84     0     0     0    10
 1968     0     0     0     0     0     0     0     0    35     0     0     0     0     0     0     0     0     3    39     0     0     0     0     0     0     0     2    18     0     0    14
 1969     0     0     0     0     0     0     0     0     0     0     0     0     0     0     0     0     0     0     0     5     0     0    14    42     0    10     0     7     0     0     0
 1970    10     0    77    15     0     0     0     0     0     0     0     0     0     0     0     0     0     0     0    58     0     0     0     0     0     5     0     0     0     0     0
 1971     0     0     0     0     0     0     0     0     0     0     0     8     0     0     0     4     0    14   116     0     0     0     0     0     0     0     0     0     0     0     0
 1972     0    71     0    16     0     0     0     0     0     0     0     0     3     0     0     0     0     0     0     2    38     0     0     0     0     0    42    31     0     0     0
 1973    11     0     0     0     0     0    62     0     0     0   121    11     0    86     6     0     0     0     0     0     0     0     0     0     0     0     0     0     0     0     0
 1974     0     0     0     0     0     0     0     0    40     0     0    18     0     0     0     0     0     0     0     0     0     0    15     0     0     0     0     8     0    90     0
 1975     0     0     0     0     0    17    62     0     0     2     0    22     0     0     0     0     0     0     0     0     0     4     0    62     0     0     0    33     0     0     0
 1976     0    20     0     0    67     0     0     0     0     0     0    63    19     0     0     0     0     0     0     0     0     0     0     0     0    20     8     0    58    83     0
 1977     0     0    20     0     0     0     0     0     0     0     0    94    28     0     0     0     0    16     0    20     0     0     0     0     0     0    43     4    98     0     0
 1978     0     0    12     0     0     0     0     0     0     0    11     0     0     8     0     0     0     0     0     0     0     0     0     0     0     0     0     0     0     0     0
 1979     0     0     0    25     3     0     5     0     0     0     0     0     0     0     0     0     0     0     0     0     0     0    31   104     0     0     0     0     0    58     0
 1980     0     0     0     0    13     0     5     0     0    18     0     0    21    12     0     0     0     0     0     0     0     0     0     0     0     0     0     0     0     0     0
 1981     0     0     0     0     0     0     0     0     0     0     0     0     0     0     0     0     0     0     0     0     0     0     0     0     0    11     0     0     9    25     0
 1982     0     3     0    10     0     0     0     0     0     0     0     0     0     0     0    66     0     0     0    47     0     0     0    10     0     0     0     0     0    25     0
 1983     0     0     0     0     0    48     0     0     4     0     0     0     0     0     0    65     0     0     0    10     9     0     0     0     0     0    22     0     0     0     0
 1984     0     0     0     0    18     0     0    15     0     0     0     0     0     0    55     0     0    16     0    13    25     0     0     0     0     0     0     0     0     0     0
 1985     0     0     0    82     5     0     0     0     0     0     2     2     2     0     0     0     0     0     0     0     0     0     0    27     0     0    22    14     0     0 -9900
 1986     0     0     0     0     0     0     0     0     0     0     0     0    25     0     0     0     0    92     0     0     0     0     0     0     0     0     0     0     0     0     0
 1987    70     0     0     0     0     0     0     0     0     0     0     0     2    22     0     0     0    43     0     0     0     0     2    10    45     0     0     0    17     0     0
 1988     0     0     0     0     0     0     0     0     0     0     0     0     0     0     0     0     0     0     0     0     0     0     0    14    59     0     0    62    20     0     0
 1989     0     6    54    19     0     0     0     0     0     0     0     0     0    15     0     0    12     0     0     0     0     0     0     0     0     0     0     0     0     0     0
 1990     0     0     0     0     0     0     0    60     0     0    52    17    40   168    19     1     1     0     0     0     2    25     1     0     0     0     0     0     0     0     0
 1991    28     1     0     0     0     0     0     0     0     0     0    35     2     0     0     1    13     7     0     1    22    27    99     1     0     0    51     2     0     0     7
 1992     0     0     0     1     3     1     1     1    95     0     1     1     5     1     0    20     0     0     0     0    27     1     0     0     1     0     0    24    30     0     0
 1993     0     0     2     0     0     1     0     1     0    14     2     1     0     0     0     3     0     0    12     1     5    27    15     0     0     0     0     0     0    33    91
 1994     1     0     0     0     0     0     0     0     0     1     0     0     0     1     0     0     0     1     3     1     9     0     0     1     0     1     5     1     1     0     0
 1995     0     0     0     0    15    30    29     0     0     0     0     0     0     0     0     0     0    10     0    78     0     0    34     0     0    42    22    20     0     0     0
 1996     0     0     0     0     0    12     0     0     0     0     0     0     0     0     0     0    25     0     0     0     0     0     0    58    83     0     0     0     0    16    15
 1997     0     0     0     0     1     0     0     0    44     0     0    10   122    31     0     0     0     6     0     0     0     0     0    18     0     0     0     5     0     4     0
 1998    12     5     5     0     0     1     0    23     2     0     0     0     1     0     0     0    19    45     3     0     0     0     0     0     1     0     1    10    24    24   120
 1999     0     0     0     0     0     0     0    10    25     0     0     0     0     0     0     0     0     0     0     0     0     0     0     0     0     0     0     0     0     0     0
 2000     4     0     0     0     0     0     0     1    17     6     0     0     1     0     3     0     0     0     9    10     1     0     0    18     0     8     1     0     0     0     0
 2001     0     0     0     0     0     0     0     0     0     5     0    41    13     2     0     0     0     0     0     0     0     0     0     0     0     0     0     0    23     0    21
 2002     0     0     0     0     0     0     0    90    24     0     0     0     0     0     0     0     1     0    21     0     0     0     0     0     0     0     0     7     0     0     3
 2003     0     0     0     8     0     0     0     6     0     0     0     0     0     0     0     0     0     0    15     5     3     0     0     0     0     0    69    25     0     0     0
 2004    18     7     0     3   121     2    19    11     9     0     0     0     0    36     0     0     1    25     0     6     0     0     0    10     2   120     2    21     0     0     0
 2005     0     0     0     0     0     0    11     0     0    15     1     1     0     0     1     1     8    20     0     0     0     0     0     0     0     0     0     0     0     0    14
 2006     0     0     0     0    10     0     0    20     5     0     0    11    20     0     0    26     0     0     0     0     0     0     0     0     0     0    15    10     0     0   102
 2007    42    14    11     0     0     0     0     0     0     0     0     0     0     3     0     0     0     0     0     0    32    81     0     0    32     0     0    25     0    82    25
 2008    00    00    10    00    05    00    00    00    00    00    00    00    00    00    00    00    00    13    00    00    21    00    00    00    00    00    00    00    00    00    98
 2009    00    00    00    00    00    00    10    35    05    14    00    00    00    00    00    00    00    00    00    00    07    00    10    22    31    00    00    00    04    00    07
 2010    00    00    00    00    00    00    09    00    00    36    31    00    02    00    00    00    00    00    01    00    00    00    00    00    00    00    00    00    00    00    00
 2011    00    00    01    34    00    00    00    01    29    00    00    00    00    00    00    00    01    00    00   133    01    54    47    00    00    00    00    00    00    00    00
 2012    00    04    00    00    00    00    01    00    00    00    00    33    00    00    00    00    00    00    00    38    03    09    39    05    00    22    06    00    00    60    00
 2013    00    00    00    03    46    00    00    00    21    48    70    00    00    06    00    00    00    19    00    00    00    00    00    00    00    00    00    00    00    02    02
