 1893 -9900 -9900 -9900 -9900 -9900 -9900 -9900 -9900 -9900 -9900 -9900 -9900 -9900 -9900 -9900 -9900 -9900 -9900 -9900 -9900 -9900 -9900 -9900 -9900 -9900 -9900 -9900 -9900 -9900 -9900 -9900
 1894     0     0     0     0     0     0     0     0     0     0     0     0     0     0     0     0     0     0    31     0     0     0     0     0     0     0    11     0     0     0     0
 1895     0     0     0     0     0     0     0     0     0     0     0     0     0    14     0     0     0     0    46     0     0     0     0     0     0    31     0     0    16     0     0
 1896     0     0     0     0     0     0     0     0     0     0     0     0     0     0    52     0     0     0     0     0    52     0     0     0    14    27     0     0     0     0    37
 1897     0     0     0     0     0     0     0     0     0    52     0     0     0     0    16     0     0     0     0    73     0     0     0     0    48     0     0     0     0     0     0
 1898    41    35     0     0     0     0     0     0     0     0     0     0     0     0     0     0     0    11    90     0     0     0     0     0     0     0     0     0     0     0   127
 1899     0     7     0     0     0     0     8     0     0    55     0    53    16     8     3     0     0     3     0     0     0     0     0     0     0     2     0     0     0     0     2
 1900     0    12     0     0    13    38    54     0     0     8     0    31     0     0     0     0   242     0     0     0     0     0    27     0     0     0     0    23     0     0     0
 1901     0    45     0    47   194     0     0     0     0     0     0     0     0     0     0     0     0     0     0     0     0     0     0    12     0     0     0    32     0     0     0
 1902   100    33     0     0     0    37    54     2    20     0     0     0     0    13     0   103     0    24    40   234     0    46     0     0     0    83    10     5     0     0    39
 1903     0     0     0   160     0     0     0     0   309    15     0     0     0     0     0     0   212     0     0     0     0     0     0     0     0     0    30    88     0     0     0
 1904     0     0    66    10     0     0    42    12     0     0     0     0     0     0     0     0    84    20     0     0     0     0     0     0     0     0     0     0     0    50     0
 1905     0     0    48    70     0    42   106    28     0     0     0     0     0     0     0     0    10     0     8     0     0     0     0     0     0     0     0     0    20     0     0
 1906     0   114     4     4     0     0     0     0     0     0     0     4     0     2     0     5     0     0   239     0     0     2     0     0     0     0     0    79     0     0    49
 1907     0     0     0     0     0     0    23    52    25     0   104     0     0     0   118    11    25     0     9    25     0    20     4     0     0     0     0     0     0     0    19
 1908     6     0     8     0     6     0    78    18     0     0    34     0     0     0     0     0   184   128     0     0     0     0     0     6     4     0     0     0     0     0     0
 1909     0     0     0    24     0    40     0     0     0    50     0     0     0     0     0     0     0     0     0     0     0     0     0     0     0    15     0     0     0     0     0
 1910     0     0     0     0     0     0     0     0     0     0     0     2     0     0     0     0    45     0     0     0     0    26     0     0     0     0     0     0     0     0     0
 1911     0     0     0     0     2     0     0     0    26    21     0     0     0     0     2     0     0     0     0     0     0     0    90     0     0     0     0   161     0     0    57
 1912     0     0     0     0     0     0     0     0    11    80     0     0     0     0    19     0     0     2     3   280     2     0     9     0     0     0     0     7     0    15     0
 1913     3     2     0     0   100     0     0    53     0     0   145     0     0     0     0     0     0    32     0     0     0     0    95     0     0     0     0     0    15     0    22
 1914     0     0    72     8     0     0     0     0     0     0     0    18     0     0     0    40     0     0     0     0     0     0     0   115     0     0    45     0     0     0     0
 1915     0     2     0    70     0    10   151     0     0     0     0     0     0     0     0    81     0   250     0     0     0     0    21    16     0     0    48     0    36    23     3
 1916     0     0    65     6     0     0     0     0     0     0     0     0    33     0    36    31     0     0     0    40     0     0   160     0     0     0     0     0     0     0     0
 1917    50     0     0     0     7    75     0     0    51     0    75     2     0     0     0     0     0     0     0     0    10    40    12     0     0     0     0     0     0     0     0
 1918     0     0   190     0    96     0    24     0     0     0     0     0     0    22    68    38     0     0     0     0     0     0    26    21    69   203     0     0     2     0     0
 1919     0     0     0    10     0     0     0     3     8     0     0     0     0    41     0     0     0     0     0     0     5     0     0     0     0     0     0     0     0     0   286
 1920    17     0   102     3    77    30     7     0     0     0     0     0     0     0     0     0     0     4     0     0    15     0    31     0     0     0     0     0     0     0     0
 1921     0     0    40     0    50     0    19     5     0     0     0     0     0     0     0     0     0    96     0     0     0    38   180    80     0     0     0     0     0     0     0
 1922     3     0     0     0     0    47   119     0   125     0     0     5     0     0     0    12    18     0     0     0     0     5     0     0     0     6     0     0    18     2     0
 1923     0     2    17     0     0    54     0    20     0     0   192     0     0     0     0     0     0     0     0     0     0     0     0    17     0     0    54     0     0     0     0
 1924     2     0     0    25     0     0     0     6    15     0     0    27     0     0     0     0     0     0     0     0    83    10     0     8     0     0     0     0    50    67     0
 1925     0     0     0     0     0    31     2     0    30     0     0     0     0    40    30     0     0     0     3    10     0     0     0     0    43     0    44     0     0     3    50
 1926     7    26    84     0     0     0     0     0     0     7     0     0     0     0     0     0     3     0     0     0     0    25     0     0    36     0    14     0    56    11    40
 1927     0    10     0    23     0     3     0     0    18     0     0    28   133     0     0     0    11     0     9     0     0     0     0     0     0     0    20    10     0     0     0
 1928     0    15    20     0    35     0     0     4   141     0     0     0    61     0     0     0     0    74    19    84     0    15     0     0     0     0    27     0     0     8     0
 1929     0     0     4     0     0     6    40     2    44     0     0     0   106     0    15     0     0     0     0     0     0     0     0     5    75     0     0    21     0     0     0
 1930     0     0     0    61     0     0     0    39    21     0     0     0     0     0     0     0     0     0     0     0     4     0     8     0     0    50    27     0     0     0     0
 1931     0    30     0     0    43     0     0     0     0     5     0    20     0     0     0     0     0     0     0    60     0     0     0     0     0     0     0     0     0     0     0
 1932     0     0   102     0     0     0    32     0     0   119     0     0     0     0     0     0     0     0     0     0     0     7     0     0     0    82     0     0     0     0     0
 1933    60   450     0     0     0     0     0     0     0     0    30     0    91     0     0     0     0     0     0     0     0    80    29     0     0     0     0     0     0     0    88
 1934    60   450     0     0     0     0     0     0     0     0    30     0    91     0     0     0     0     0     0     0     0    80    29     0     0     0     0     0     0     0    88
 1935     0   170     0    15    21     0     0     0     0     0     0     0     0     7     0     0     0     0     0     0    15    36    38     3     0     0     0    16     0     2     0
 1936     0     0     6     0     0     0     0     0     0     4     0     0     0     0     0     0     0     0    18     4     0    38    22     8     0     0     0     0     0     0     0
 1937     0     0     0    17     0     0     0     0     0     0     0     0     0     4     0     0     0     0     0     0     0     0     2     0     0     0     0     0     0     0     0
 1938    43    46     0     6    52     0    22     0     2   170     0     0     0     0     0     0     0     0     0     0     0    17    57     0     0     0    22     0     0     5   268
 1939     0     0     0     0     6     2    18     0     0     0     0     0     0     0     0     0    60    15     0     0     0     0     0     0     0     0     8    48     0     0     0
 1940     0     0     0     0     0     0     0     0     0     0   215     0     0     0     0     0     0     0     0     0     0     0     0     0     6   130    43    21    55     2     0
 1941    14     0     0     0     0     6     0     0     0     0     0     0     0     0     0     0     0    37     0     0     0     6     0     0     0     0    10    11     0    53     0
 1942     0     0    10     3     0    34     0     0     0    29     0     0    35    85    36    19     0     0    49     0     0     0     0     0     0    20    11     0    11    95    10
 1943     0     0    18    15     3     5     0     0     0     0     0     0     0    40     0     0   120     0    15     0     0     0     0     5     3     0     9     0    74     0     0
 1944     0    50     0     0     0     0     0     0     0     3     0   117     0     0    86     0     5    45    11     0     0     0    83     0     0   205     9     5     0     0     0
 1945     8     0     0     9    28     0     0     0     8     0     0     0     0     0     0     0    55     3     0     0   149     0     0     0     0     0     0    87     0     2     0
 1946     3     0     0     0     0     0    60    35     0     0     2     0     0     0     6     0     0     0    78     0     0     0     8     0     2     0     0     0     0    56     0
 1947     2     0   124     0    30    21     0     0     0     0     0    36   156     0    18     0     0     0     0     4     0     0     0     0     0     0     6     0     0     0     0
 1948     0     0     0     0     0     0     0     0     0     0     0     0     0     0     0     0     0     0     0     0     0     0     0     0     0     0     0     0     0     0     0
 1949     0     0     0     0    18     0     0     0     0     0     0     0     8    38     0     0     0   100     8     0   159     0     0     0     0     0    12     0     0     0     0
 1950     0     0    15     0     0     0     0     0     0     0     0   149     0     0   215   246    45     0    75    29     0     0   105     0     0     0     0     0     0   140    54
 1951     0     0    83     0     0     0     0   141    31     3    38     2     5     0     0    49    87     0     0     0   112     0     0     0     0     0     0     0     0     0    25
 1952     0     0    94     0     0     0    12   176     0     0     0     0    10     0   166     0     0     0     0    27    48     0     0     0     0     0     0    63     0     0     0
 1953     0     0     0     0     0    35     0     0     0     0     0    96     2    48     0     0    39     0    30     0   196     0     0     0     0   192   346     0     9     2     2
 1954     0     6    70     7     0     0    30     0     0     0     0     0     0     0     0     0     0     0     0     0    33     0    11     2     0     0     0    33     3     0    97
 1955     3    71     0    52     9     0     0    25     0     9     4     8     0     0     0     0     0     0     0     0     0     0    92     0     0     0     0     0     0     0    38
 1956     0    85     0    13     0     0     0    86     0     0     0     0     0     0     0     0     0    60     0   217     5     0     0     0   103     0     0     0     0     0   219
 1957     0     5     0    82     0     0     0    30     0     0     0    30    44     0     0   306     2     0     0     0    18    13     0     0     0    11     0     0    17     0     0
 1958    33    14     0   139     0     0     0     0     0     0     0     0     0    30    99     0     0     5     0     0     0     0     0     0    27     0     0    15    32     0     0
 1959   110     0     0     0     0     0     0     0   103     0    19     0     0     0     0     0     0     6     0     0    16     0     0     0     0     0     0     0     0     0     0
 1960     0     0    51     0     0     2     0     0     0     3     0     0     0     0     0     0     0    64     7     0     0     0   195     0     0    13    12     0     0     0     0
 1961   220     2     0    24     0     0     0     0     0     0     0     0     0    10    32    12     0     0     0     0     0    17     7    12     0     0     0     0     0    25   117
 1962     0   271    54     0    11     0     0    95     0     0     0    26     0    14    16     0     0     0     0    88    18     0   125     0    24     0     0     0     0     0     0
 1963     0     0     0    15     0   101     0     0     0     0     0    37   105     0     0     0    34     0   168    12     0    35     0     0     0     0     0     0     0     0    41
 1964     0     0     0     0     0     0     0     0     0     0     0    56     0    11     0     0     0     0    27     0     2     0     0     0    15     0     0     0     0     0    11
 1965     0     0     0     0    17     0    42     0   137     0     0     0     0    23     0     2     0     0     3     0     0     0     0     0     0     0    12     0     0     0    35
 1966     0     0     0     0     0    13     0     0     2    24     0     0    11   208     5     0     0     0     0     0     0     0     0     0     0    61     0     0     0     0     0
 1967    42     0    12     6     0     0     0     0    12     0     0     0     0     0     0     0     5     0     0     0    60     0    20     0     0     0     0     0     0     0     5
 1968     0     0     0     0     0     0     6    36     6     0     0     0    47     0     0     0   150   122     0     0     0    29    49   178     0     0    16     0     0     0    21
 1969     0     0     0     5     0     0     0    39    33     0    37     0     0    10     0     5     0   230     0     0     0     0    78    14     0     6     0    46     0     0    83
 1970     0     4     2     0     0     0     0     0     0     0     0     0     0    69     0     0     0    13   114     0     0     0     0     0     0     0    19     0   608    51     0
 1971     0     0     0     0    25     3     0     2     0     0     0     9    62     0     0     0     0     9    13     0     0     5     0     0     8     7     0    40     0    11     0
 1972     8    37     0     0     0     0    40     0   157     0     0   210     0     0    42     0     0    90     0     0     0     0    14     0     0    36    10     0     0     0    73
 1973     0    29     0    72     0     0     0     0     0     7     0     0     0     0     0     0     0     0     0     0    10   105     0     0     0     0     0     0     0     0     0
 1974     0    15     0    86     0     0     0     0     0     2    58     0     0     0     0     0     0     3    32     0     0     0     0    23    96    21     0     0     0     0     0
 1975     0     0     0     0    39   177     0     0     0    10     0     0     0     0     0     0     0     0     0    12     0     0     0    36     0     0     0     0     0     0     0
 1976     0     0     0     0     0     0    11     0     0     0     0     0     0     0     2     0     0     0     0    33     0     0     0     0     0     0    22    98     0     0     2
 1977     5     0    94     0     0     0   114     0     0     0     0    15     0     0    34     0    39   152     0     0    41     0     0    48     0     0     0     0     0     0     0
 1978     0    95     4     0    22   158     0     0     8     0     0     0     9     0     0     0   165    56     8     0    39   168     0     0     0    10     5     0     0     0     0
 1979     0     0     0    91     0     0     0     0     0     0     8     0     0    22     0     0     0     0     0     0     0    75     0     0    25     0     0     0     0   154     3
 1980     0     0     0     0     0     0     0     0    15     0     0    26     0     0     0   198     0    40     0    97     0     0     0     0     0     8     0     0     0    22     0
 1981     0     0     0     0     0     0     0     0     8     0     0   185     0     0   192     0     0     0     0    10     0     0     0     0     0    10     0    60     0     0     0
 1982     0     0     9     0     0     0    30     0     0     0     0     0    76     0     0    34     3    47     0     0     0    23     0     0     0     0     0     0     0     5     0
 1983   241     5     0    30     0     0     0     0     0     0     0     0     0     0     0     0     0     0   123    18     0     0     5     0     0     0     0     0    66     0     0
 1984     0     0     0    43     0     0     0     0     0    12   132     0     0     0    20     0    43     0     0     0     0     0     0     0     2     5     2     0     0     0     0
 1985     0     5     0     0     0     0     0     0     0    20     0     2    29    21     3     0     0     0     5     0     0     0     0     0    37     0     0     0     0     0    29
 1986     0    10     0     0     0    17     0     0     3    47     0     6     0     0    49     6     0     0    10     0     0     0     0     0    94     0     0     9     2     0    47
 1987     0     0     0     0     0     0     0     0    73     0     0   124     0     3     5     0     0     0    62     0     0     0     0   141     0    11     0     0     0    23     0
 1988     0     0     0     0     0     0     0     0    46   188     0     0    18     0     0     9     0     0     0     6    35     0     0     5    13     0     0     0     0     0     0
 1989     0     0     0     0     0     0     0    11     0     0    56     0     0     0     0     0     0    56    44     0     0     0     0     0     0     0     0     0    21     0     0
 1990     0     0     0     0     2     0    28     1     1     1     7    57     0     1     1     0    12     1   144    11     0     0     0     0     1    22    68     3     8     4     0
 1991    53     0     0     1     0     0    20     0     0     0     0    13     1     0     0     0     0    15     1     4     0    36     0     0     0     0     0    83     1     0     0
 1992     0    16     1     0     0     0    26    38     0    13     8   107   243     0     0    19     1     2    40     0     0    98    10     0    17     0     0     0     0     2     2
 1993     0     2     0     1    32     0     4    35    92   243    48     0    59     0     0     0   169     1    51     1     0     1     0    20    77     0    10     1     0     0    40
 1994    28     0     0    39     0    12    16    67     1     0     1     2     8     7     0    37     0     0     1   207    27     2     0     0     0     0     1     0     0     0    11
 1995     0     0     0     3     1     5     0     0     1     0     0     0     0     0     7    41     0     0    51     9     0     1    11     0     0    17   275     0     0     0    70
 1996     0     4     0     0     0     1     1     7     6     0     0    50     1    11     0     0    21     0     0     0     0     0     0     2     0     0     2     0    13     0     1
 1997     0     1     0     6     0     6     0   115     0     0     0    12    15    70     0     0    24    86    32     0     2     1     1     0    63    12   103     0     0     0     0
 1998     0     0     4    46     0     0     4    14     0     0     0     0     0     1     0     1     0     0    55     0   101     0     0     0     0     0     0     0     0     1     0
 1999     4     5    57     0     0     2     0    28    11     0     0     0     0     0     0     1    48    89   101    82   168     0     6     0     0   180     0     8     0     0   195
 2000     0    22     5     0     0     0     0     0   210   220     0     8     0     0     0     0     0     0     0     0     0     0     0     0    44     5     0     0     0     0    22
 2001     0     0     1     0     0     0     0     0     0     0     0     0     0     0     0     0    18     2     0     0     0    20    21     0    37     0     0     0     0     0     0
 2002     0     0     0     0     0     0     0     0     0    10     3     0     0     0     0     0     0     0    34     0     0   241     0     1    15     0    41    87   235     0     7
 2003     0     0    15    20    39     5    33    34    22     0     2     0     0     0     0     0     0     0     0     0     5     0     0     0     0     0     0     0     0     0     0
 2004     0     0     2    41     4   230    48     0   119     1    67     0     0     0     0     0     0     0   121     2   183     0     0     0     0     0     0     0    40     0    12
 2005     0     0     0     0     0     0     0     0     0     0     0     0     0     0     0     0     0    30     0    31   186     0    16     0   133   176     0     0     0     0    13
 2006     0     0     0    25     0     0     0     0     0     0    13     0     0     0     0     0     0     0    26    39     0     0     2     0     5     4     0     0     0     0     0
 2007     0     0     0    23    31    02     0     0     0     0     0     0     0     0     0     0    19    03    14     0     0     0   138     0     0     0   195     0     0     0     0
 2008    00    00    00    00    00    00    81    93    00    00    00    37    00    00    00    00    33    00    20    28    00    00    00    00    00    00    03    07    00    00    20
 2009    00    00    00    04    00    00    04   127    00    49    00    00    00    00    98    00    01    00    00    00    00    00    00    33    33    00    01    00    00    31    06
 2010    00    00    00    32   159    12    61    04    00    00    17    00    00    00    13    00    00    68    00    00    00   140    12   145    00    00    00   133    00    34    00
 2011    00    28    00    00    00    03    00    12    00    01    49    00    00    03    00   104    00    00    00    00    00    81    03    00    00    17    05    14    00    00    00
 2012    00    00    00    00    00    00    00    00    00    00    00    00    23    05    00    00    00    01    97    00    03    15    00    00    00    02    00    00    09    00    00