 1893     0     0     0     0     0     0     0     0     0    42     0     0     0     0     0     0     0     0     0     0     6     2     0     0     0     0     0     0     0     0     0
 1894     0     0     0     0     0     0     0     0    49     4     0     0     0     0     0     0     0     0     0     0     0     0     0     0     0     0     0     0     0     0     0
 1895     0     0     0     0     0     0     0    54     0     0     0     0     0     0     0     0     8     0     0     0     0    71     0     0     0     0     0    44     0     0     0
 1896     0     0     0     0     0     0    21    26     0     0     0     0    16    20    65     0     0     0     0     0    36     0     0     0     0     0     0     0     0     0     0
 1897    10    14     0    40     0     0     6     0     0     0     0     0     0     0     0     0     0     0    40     0     0     0     6     0     0     0     0    32     0     0    20
 1898     0    66    36     0     0    26     0     0     0     0     0     0     0     0     0     0     0     0    31    39     0     0     0     0     0     0     0     0     0     0     0
 1899   210     0     4     0     0     0     0     0     0     0     0    60     0     4     0     0     0     0     0     0    36     0     0   124     7     0     0     0     0     6     0
 1900    28     0     0     0     0     0     0     0     0     0    25   125     7     8     0     0     0     0     0     0     0     0     0    35     0     0     0     0     0     0     0
 1901     0     0     0     0     0     0     0     0    75     0     0     0     2     0     0     0     0     0     0     0     0     0     0     0     3     0     0     0    22     0     0
 1902     0    26     0     7     0     0     0     0     5     6     0     6    28    16     0     0     0     4    15     0     0     0     0     0     8     0     0     0     0    40    17
 1903    92     0    82     0    78     0     0     0     0   173     0     0     0   134     0     0     0     0     0     0     0     2    10     2    10   108    53    55     8     0     0
 1904     0     0     0     0     0     0     0    86     0     0     0     0     0     0    31     0     0     0     0     0    28     0     0     0     0     0     0    27     0     0     0
 1905     0     2     6     0    32     0     0    51     0     0     0    29    49    60     0     0     0     0     0     0     0     0    46     0     0     0    32     0     0     0     0
 1906     0     0     0   151     8     0    25    65    70     0     0   350     0     0    15    75     0     0     0     0     0     0     0    25     0     0     0     0     0     0     0
 1907     0     0     0     6    60    94     0     0     0     0    41     0     0     0    70     0     0     0     0   325     0     0     0     0   140     0     0    40     0     0     0
 1908     0     0     0     3     0     0     0     0   175     0    75     0     0    40     0    79     0     0     0     0     0     0     0     0     0     0     0    45     0     0     0
 1909     0     0     0     0     0     0     0     0    15     4   101   160   155    20     0     0     0     0     0     0     0    21     0     0     0     0     0    17     0     0     0
 1910    20     0     0     0     0     0     0    10     0     0    18     0   100    50     0     0    50     0     0     0     0     0     0     0     0     0     0     0   160     0     0
 1911    49     0    11     0    49    55    56     0    36   112    10    23   326     0     0    15     0     0     0     0    65     0     0     0    10     0     0     0     0     0     0
 1912     0     0     0     0     0    42     0    12     0    21     0    14   210     0     0     0    40     0    85     0     0     0     0     8     0     0     0     0     0    41    21
 1913     0     0     0     0     0     0     0    15     0    75     0    11     9     0     0     0     0    18     0     0     0     0     0     0     0     0     0     0     0     0     0
 1914     0     0     0     0     0     0     0     0     0    45     0     0     0     0     0    81    15     0    57    18     0    60    25     0     0     0     0     8     0     0     0
 1915    94     0   130    11     0     0     0     0     0     0    18     0     5     0     0    14     0     0     0     0     0     0    56     0     0     0     0     0     4     0     0
 1916     0     0     0    48    52    12     0     0     0    40    11     0     0     0     0     0     0     0     0     0     0     0     0     0     0    42     0     0    10     0     0
 1917    96     0     0     0    41     0    25     2     2     0     0    33    80     0     0     0     0     0     0     0     0     0    15     8     0     0     0     0     0     0     0
 1918     0     4     0    14    39     0     0    31     0     0     0     3     0     0     7   243   114     0     0     0     0     9     0     0     0     0     0     0     0     0     0
 1919     0     0     0    21     0     0     0     0     0     0     0     0    75     0     0     0    28    15     0     0    86     0     0     0     0     0     0     0     0     3     0
 1920     0     0     0     0    94     0     7    12    18     0     0     7     3     0     0     0     0     0     0    27    60     0     0     0     0     0     0     0    82     0     0
 1921    74     0     0     0     0     0     0     0     0    26    96     0     0     0     5    69     8     0    30     0     0    38     0     0     0     0     0     0     0    78     0
 1922     0     0     0     0     0     0     0     0     0    18    35     0     0     0     0     0    20     0     0    59     0     0     0     2     0     0     0     0     0     5     0
 1923    31     0     0     2     0     0    45     0     0     0     2     0     0     0     0    15     0     0     0    45    99     0     0     0     0     0     6    55     9     0    50
 1924     0     2     0   205    10     5     0   160     2     0     3     0    10     0    19    18     0     0   200     0     0    36     0    54     0     0     0     0     0     0     0
 1925     3     0     4     0     0     0   141    17     0     0     0     6    30     0     0     0     0     0     5     0     0     0     0     0     0     0     0     0     0    21     0
 1926    28     0     0     0     0     0     0     0     0     0     0    59     0     0     0    30     0     0     7    91    12     0    37     0     0     0     0     0     0     2     0
 1927     0     0     0     0     0     0     0     0     0     0     0     0     0     0     0     0    20    20     0     0     0    40     0     0     0     0     0    11     0     0     0
 1928     0   205   155    42     0     0    16     0    12     0     0     0     0     0     0     0    51     0     0   111   113     0   446     0     0     0    83     0    10    36     0
 1929     9    73    12     0     0     0     0     0     0     0     0    13     0     0     0     0     0     0     0     0     0     0     0     0     0     0     0     0     0    12     0
 1930     0     0     0     4    45     0     0    15     0    12     0     0     0    10     0     0     0     0     0     0     0     0     0     0     0     0     0    13     0   120    16
 1931    25    17     0     0     0     0     0     3    10     0     0     0     0     0     0     0     0     0     0     0     0     0     0     0     0     0     0   134     0     0     0
 1932     2    38    85     0     3     8     8     0    43     0     0     0     0     0     0     0   140     0     0     0     0     0     0     0    72   228     0    57    28     0     0
 1933     0    16     0     0     0     0     0     0     0     0     0     0     0     0     0    60     0     0     0     0     0     0     0    25     0     0     0     0     0     0     0
 1934     0    16     0     0     0     0     0     0     0     0     0     0     0     0     0    60     0     0     0     0     0     0     0    25     0     0     0     0     0     0     0
 1935     0   120    38     0    21     0     0     0     8     0     0     0     0     0     0     0     0     2     0    72     0     0     0     0     5     0     0     0     3     0     0
 1936     0     0     0     0     0     0     0     0     0     0     0     0    34     0     0    21     0    14    47    10   105     7    30     0     0     0    64   162     0     2     0
 1937     0     0    53    12     0     0     0     9     0    32    80    63    13     0     0     0    12     0    67     0    20     0     0     0     0     0     2     0     0     0     0
 1938     0     0     0     0    51   123    36     2    13     0     0     0     0     0    54    56   159     0     0     0     0     0     4    10     0     0     0     0     0     0     0
 1939     0    15     0     0     0     0     5    10    50     0    98    25     5     0     0     0     0     0     0     0   249     0     5     0     0     0     0     0     0     0     0
 1940    28   146     0   254    37     0     0     0     0    41    53     0     4     0    15     0     5     6     0     0     0     3     0    12   440    29    40    45     0     0     0
 1941     0     0     0     0     2     0     0     0     0     0     0     0     0     0     5     0     0     8     0     0     0    40     0     0    10     0     0     0     0     0     0
 1942   225     5     0     0     0    68     0     0   125    10     0     0     0    40     5     0     0     0     5     0     0     9     0     0     0    86    30    25     0     0     0
 1943     0     0    43     2     0     0     0     0    49     0     0   127   270     0    25    22     0     0     0     0     0     0   161     0    12    97     0     0     0     0    20
 1944     0     0     0    91     9     0     0     0     0     0     0     0     0     0     0   117     2     0     0     0     0     0    11     0     0     0    43    52     0     0    86
 1945     0     0     0     0   325     2     0     0     0     0    13     0     0   155     0     0     0     0     0     0    65     4     0     0     0     0     0    63    17     0    23
 1946     0     8     0    35     0     6     0    11    84     0     0     0     0     0     0     0   110   142     0     0     0     0     0     0     0     0     0    33     0     0     0
 1947     0     0     0     0     0     0     0     0     0     4     0     0     0     0     0     0     0     0     0    31     0     0     0     0     0     0     0     0   189    42     0
 1948     0     0     0     0     0     0     0     0     0     0     0     0     0     0     0     0     0     0     0     0     0     0     0     0     0     0     0     0     0     0     0
 1949    41     0     0     0     0     0     0     0     0     0     0     0     0     0     0     0    38     0     0     0     0     0     0     0     0     0    17     0     0     9     0
 1950    10     0     0     0     0     0     0    44     0   125     0     0     0     0     0     0    13     0     0     0     0     0     0     0     0     0     5    46     4     0     0
 1951     0     0     0     0     0   364     0    98     0     0     0     0    96     0   108     3   106     0    24     0     9     0     0     0     0    41     0     0     0     0     3
 1952     0     0     0     0     0     0     0     0    84     0     5     0     0     0     0    76     0     0     0   108     0     0     0     0     0     0    11     0     8     6    10
 1953     3   263   195   132     2     2     0     0     0     0     0     0     0     0     0     0     0     0     0     0     0     0     0     0     0     0     0     0     0     0    18
 1954     0     0     0     0     0     0     0    12    13     0     0     0     0    17     0    14     0   102     0     0     0     2    23    16    85    61     0     0     0     0     0
 1955   104     0     0     0     0     0     0     0     0     0     0     0     0     0     0     0     0     0     0     0     0     2     0    10    13     0     0     0     0     0     0
 1956     0    13     0     0    22     0     0     0     0     0     0     0    65     0     0     0     0     0    25     0     0     0     0     0     0    18     3     0    44    23    13
 1957    31     0     0     0     0     0     0    10     0     0     0     0     0    78     0     0     0    36     0     0     0     0    10   154     0     0     0    30    27    73    44
 1958     0     0     0     0    90    16    14    48     0     0    31     0     0     0     4     0     0     0     0    13     0     0     0    12     0     0     0     0     0     2     0
 1959     0     0   133     3     0     0    14     0     0     0     0    10     0     0    82    26     8     0     0     0     0   221     0     0     0     0    78     0     0     3     7
 1960     0    10    27     0     0    15    19     0   116     0     0     0     0    42     0     0     0    61     0    65    24     0     0     0     0    54     0     0   114     0     0
 1961   135     0    32     0   236     0     0     0     0     0     0     0     0     0     0     0     0     0    30     0     0     0     0    30     0     0     0     0     0     0     0
 1962     0     0     0     0     0     0     0     0    24     0     0     7     0     0     0     4     0     0     0     0     0     0    15    26    87     0     0     0     0    90   362
 1963     0     0    11     0    89     0     0     0    17     0     2     0    26     0     0     0     0     0     0     0     0     0     0     9     0     0     0   145     0     0     0
 1964     0     0     0     0     0     0     0     0     0    10     6     0     0     0     0     0     0     0     7    12    59     5    10     0    64     0     0    10     0   102     0
 1965     3     0     0    30     0    28     0     0    56     0     0     0     0     0     0     0    28     3     4     0     9    35     0     0     0    57     5     5     0    85    18
 1966     0     2     0     0     0     0    17     0     0     0     0     0     0     2     0    20     0     0     0     0    21     0     0     0     0     0     0     0     0     0    62
 1967     0     5     0     0     0    30    84     0    40     0     0     0     0     0     0     0     0     3     0     0     0    20     0     0     0     0    13     0     0     0     0
 1968     0     0     0     0    34     0    68     4    14   126     0     0     0     0     0    19     0     0     5     3     0     0     0    10     0     0     0     0     0     0     4
 1969     0     0     0     0     0     0    20     0     4     9     0     0     0     0     0     0     0     0     0     0     0     0     0     0     0     0     0     0     0     0     0
 1970    12     0     0     2     0     0     0   111    25     2     0     0     0     0     2     0     0     0     0     0     0     0     0     0     0     0     0     0     3     0     0
 1971     0     0     0     0     0     0     0     6     7     0     0     0     0     8     0     0     0     0    23     0     0    50     0     0     0     0     0     0     0     0     0
 1972   273     0     0     0     0    31    18     0     0     0     0     0     0     0     0     0     0     0     0     0     0     0     0     8    17   210     3     0     0     0     0
 1973     0     0     0    18     0     0    72    25   115     0     0     0     0    69     0     0     0     0     0     0     0    16    63     5     0     0     0     0     0     0     0
 1974     0     0    31    15     0     0     0     0     0    50   118    33     3     0     0     0     0     0     0     0     0    89     0     0     0     0    18     0     0     0    59
 1975     0     0    12     0     4     0     0     0     0     0     0     6     0     0     0     6     0     8     0     6     0    55     0   293    71     0     0     0    32     0     0
 1976     0     0     0     0    80     6     0     0     0     0     0    11    12    61     0     0    41    18     0     0     0     0     0     0     0     6     3     0     0     0     0
 1977     0     8     0     0    14     0     0    77     0    38     0     0     0     0     0    96     0     0    22    12    25     0     0     5     0     4     0    66     0     0     0
 1978     0     3     0     0     0     0     0     0     0     0     0     0     0     0     0    12     0     3    35     0     0     3     0     0     0     0    74     0    38     0     0
 1979     0     0    33    23   126     0     0   103    53    17     0     0     4     0     0     2    24    60    62    17     0    23     0     4     0     0     4     0     8     0     0
 1980     0    53     0     2    33     0     0    70    42   134    89    59   112    26     0     0    89     0    38     0   158     0     3     0     0     0    25     2     0    22    55
 1981     0    60     9     0     0    97     0     8     0     0     0     0     0    46    72     0     0     0     0     0     0     0     0     0     3    82     8    35    58     0   191
 1982     0    12     0   105     8     0     0     0     0     0     0     0     0     0     0     0     0     0     0     0     0    57     0     0   115     0    11     0     0   247     0
 1983     0     0     0    11     0     0     0     0     0     0     0     0     0     0     0     0     0     0     0     0    86    35     0     0   334    22    60    12     0    24     0
 1984     0     0     0     0     0     0     0   167     2     0     0     0     0     5     0     0     7    32     0     0     0    47     2     0     0     0     0     0     0     0     0
 1985     2     0     0     0     0     0    15     0     0   210     0     4    78     0     4     0     0    16     0     0     0     0    10     5     9     0     0     0   114    12     0
 1986     0     2     0     0     0     0     0     0     0    10     0     0     0   108     0     0     0     0     0     0     2     0     0     0     8   152     0     0     0     0     0
 1987     0    50    47     0     0     0     3    85     4     0     0     0   121    19     3    60     0     4     0     0    24     0     0     0     7     6     0    66     0     0     0
 1988     0     0     5     0     7     0     0   274     0     0     0     0     7     0     0     0     0     0     0     0     0   130    36     0     0     0    15     0     0     0     0
 1989     0     0     0     0   200     3     0     0     0     0     0     0    16     0     0     0     0     0    30     4     0     2     3     0     0    51     0    98     0     0    38
 1990     0     0     7    20     1     0     0     0     0   111     0     0     0     0     0     0    41     0   117    17     5     0     0    96   307     1     0     1     0     0     0
 1991     0    11     2     6     0     8    73   187     0     0     0     0     0     0     0     1    21     0     0     0     0     1     7     0     0     0     0     0     1     0     0
 1992     0    15     1     0     2     1    83     2     0     1     0    17     0     0     0     0     0    37     0     0     0     0     0     0     6    32     0     0     0     0     0
 1993     0     0     5     0    16     9     0    51    89     2     0     0     0    32   343     1     0    98     4     0     0    13    72     0     0     1     4     1     4   115     3
 1994     1     0     3     1     0     0     0     0   167     8     2     0     0     0     0     0     0     1    61     0     0     0     0     0     0     2     0     0     0    74     0
 1995    20     0     5    16     0    10     4     5     0    59     0     0     0    32     0    81    70     0     0     0     0     0     0     0     0     0     8     0   211     0     0
 1996     0     0     0     0    16     0    31     0     0     0     0     0     0     0     0     0     0   121     1     3   101     0     0     0     0     8     0     0     0     0     0
 1997     1     0     0     0     0     2     0     0     0     6     1    25     0     0    43    13     2     0     1    24    18     0     6   144     0    22     0     0     5    80     0
 1998     0     0    83    10    51     4    31     7     1    64     0     0     0     0     5     0    97     1     0    46     0     0     0    12     0     0    34   146     0     0     0
 1999     0     0     0    49     0     0    37     0    22     1     0    15     1     0     0    15     0     0    76     0     7    47     7   108     0     0     0     0     0     0     0
 2000     0   100     0     0    85     0     0    11     0     0     0     0    90     0     0     0   150     1     0     0     0    81     0     0     0   114     0     0     0     0     0
 2001     1    93     0     0     0     0     0     0     0     0     0     0     0     0    52    35     0    46     0     0    15     0     0     0    16     0     0     0     0     0     0
 2002     0     0     0    99    42     0     0     0     0     0     0    20    57     0     0     0    52     0     0     0     1    33    43    33     0     0     0     0     0     0     0
 2003    26     0     0     0     3     0     2     0     0     0     0     0     0     0     0     0     0     0     0     0     0     0     0     0    13    40     0     0     7     0     0
 2004     0    85     5   140     0     0     4     0    30     3     0     3     0     0     0    27     2    25    10     0     0     3     2   102     0     0   130     0     0     1     0
 2005     0     0     0    10     0     0     0     0     0    46    34    24     1     0     0     0     0    80     0     0     0     0     0     0     0     9     3     2     0     0     0
 2006     3    30     0     0     0   119     0     0    19     0     0     0     0    20     0     0    67     5     0     0     0     0     0     0   135     0     0    11     0     0     0
 2007     0     0     0    35   100     0    58     0     0     0    51     0     0    81    87     0     0    80   321    94    26   146    20    58     0     0   242     0   112     0     0
 2008    00    00    02    50    00    00    08    00    42    00    00    00    00    31    13    00    00    00    00    00    15    12    15    00    00    00    00    49    00    00    00
 2009    03    00    00    00    00    00    77   146    10    55    00    00    00    00    00   133    00    00   153    46    26    00    00    00    03    00    01    00    00    00    00
 2010    00    00    00    01    00    00    00    00    76    00    48    00    76    01    00    00    00    00    00    08    00    00    00    00    00    00    00    00    00    00   197
 2011    00    04    00    00    00    02    00    04    00    00    00    03    19    00    00    00    03    00    00    21    02    00   146    00    00    00    00    00    07    10    12
 2012    00    06    00    64    00    00    00    00    20    25    00    07    19    00    00    03    00    00    10    00    00    00    00    37    00    07    00    00    00    00    00