 1893     0     1     0     0     0     1     0     0     1     3     0     0     0     4     3     0     0     0     0     0     0     0     2     4     1     0     2     0     0     0     0
 1894     0     0     0     0     0     0     0     0     0     0     1     0     0     0     1     0     0     0     0     0     0     0     0     0     0     0     0     0     0     0     0
 1895     0     0     2     0     0     0     0     0     0     0     0     0     0     0     0     0     0     0     0     1     0     0     0     1     0     0     0     0     0     0     0
 1896     2     0     0     0     0     1     0     0     0     0     0     0     0     0     0     0     0     0     0     0     0     0     0     0     0     0     0     0     0     0     0
 1897     0     0     6     0     0     0     0     0     0     0     0     0     0     0     0     0     0     0     0     3     0     0     0     0     0     0     0     0     0     0     0
 1898     0     0     0     0     0     0     0     0     0     0     0     0     0     0     0     0     0     0     1     1     0     0     0     0     0     0     0     0     0     0     0
 1899     0     0     0     0     0     0     0     0     0     0     1     3     1     0     0     0     0     0     0     0     0     0     0     0     0     0     0     0     0     0     0
 1900     0     0     0     1     0     0     0     0     0     0     0     0     0     0     0     0     1     0     0     0     0     0     1     0     0     0     0     0     0     0     0
 1901     0     0     0     0     0     0     0     0     1     0     0     2     0     0     0     0     0     0     0     0     0     0     0     0     0     0     0     0     1     0     0
 1902     0     1     1     0     1     0     0     0     0     0     0     0     0     0     3     1     0     0     1     1     1     0     3     1     0     0     0     1     1     0     0
 1903     0     0     0     1     0     0     0     1     3     0     0     0     0     0     0     1     0     0     0     0     0     0     0     0     2     0     0     2     0     0     0
 1904     0     1     0     0     0     0     0     0     0     0     1     0     0     0     0     3     0     0     0     0     0     0     0     0     0     0     7     0     0     0     0
 1905     3     7     1     0     0     0     0     0     0     0     0     0     0     1     1     4     1     0     0     0     2     2     0     0     0     0     0     0     0     0     0
 1906     0     0     0     0     1     1     0     0     0     0     0     0     0     1     0     0     0     0     0     1     0     0     0     0     0     0     0     0     0     1     1
 1907     1     0     0     0     0     0     0     0     0     0     0     0     0     0     1     0     0     0     0     0     0     0     0     0     0     0     0     0     1     0     0
 1908     0     0     0     0     0     3     0     1     0     0     0     0     0     0     0     1     1     1     0     0     0     0     0     0     0     0     0     0     0     0     0
 1909     0     0     0     0     0     0     0     0     0     1     2     2     0     0     0     2     0     0     0     2     1     0     0     3     2     2     1     1     0     0     0
 1910     0     0     0     0     0     0     0     0     1     0     0     0     0     0     0     0     0     0     0     0     0     2     0     0     3     0     0     0     0     0     0
 1911     0     0     0     0     0     0     0     0     0     0     0     0     0     0     0     0     0     0     0     1     0     0     0     0     0     4     0     0     0     0     0
 1912     0     0     0     0     0     0     0     0     0     0     0     0     0     0     0     0     0     0     1     0     0     0     0     0     0     0     0     0     0     0     0
 1913     0     0     0     0     0     0     0     0     0     0     0     0     0     0     0     0     0     0     0     0     0     0     0     0     0     0     1     0     0     0     0
 1914     0     0     0     0     0     0     1     0     0     0     0     0     0     0     0     0     0     0     0     0     3     2     0     0     0     2     0     0     1     0     0
 1915     0     0     0     0     0     0     0     0     0     0     2     2     0     0     0     3     0     0     0     0     0     0     0     0     0     1     0     0     0     0     1
 1916     0     0     0     0     0     0     0     0     0     0     0     0     1     0     0     0     0     0     1     0     0     0     0     3     0     0     1     0     0     0     0
 1917     0     0     0     0     0     1     0     0     0     0     0     0     1     1     0     1     0     0     0     0     0     0     0     0     0     0     0     0     0     0     1
 1918     1     1     0     0     0     0     0     0     0     0     0     0     0     0     0     0     0     0     0     0     0     0     0     0     0     1     0     0     0     0     0
 1919     6     0     0     0     0     1     1     0     3     0     0     0     0     0     0     0     3     0     0     0     0     0     0     0     0     0     0     0     0     0     0
 1920     0     0     0     0     0     0     0     0     0     0     0     0     0     1     0     0     0     0     0     1     5     1     0     0     2     0     0     0     0     0     0
 1921     0     0     0     0     0     0     0     0     0     0     0     0     0     0     0     1     0     0     0     0     0     0     0     0     0     0     0     0     0     0     0
 1922     0     0     0     0     0     0     0     0     0     0     0     0     0     3     0     0     0     0     0     0     0     0     0     0     0     0     0     0     0     0     0
 1923     0     0     0     0     0     0     0     0     0     0     0     0     0     0     0     0     0     0     0     0     0     0     0     0     0     0     0     0     0     0     0
 1924     0     0     0     0     1     0     0     1     0     0     0     1     0     0     0     0     0     1     2     0     0     0     0     0     0     0     0     0     0     0     0
 1925     0     0     1     1     1     0     0     0     0     0     0     0     0     0     2     0     0     0     0     0     0     0     2     3     0     0     0     0     0     0     0
 1926     0     0     0     2     1     0     3     0     0     0     0     0     0     0     0     0     0     0     0     0     0     0     1     0     0     0     1     0     0     0     0
 1927     0     0     2     0     0     0     4     0     0     0     0     0     0     0     1     0     0     0     0     0     0     0     0     0     0     0     0     0     0     0     0
 1928     0     0     1     0     0     0     0     0     0     0     0     0     0     0     0     0     0     0     0     0     0     0     0     0     0     0     0     0     0     0     0
 1929     1     0     0     0     0     0     0     0     0     0     0     0     1     1     0     1     1     0     0     0     0     0     0     0     0     0     0     0     0     0     0
 1930     0     0     0     2     0     0     0     0     0     0     0     0     0     0     0     0     0     1     0     1     0     0     0     0     0     0     0     0     0     0     0
 1931     0     0     0     0     1     0     0     0     1     1     1     0     0     0     0     0     0     0     0     0     0     0     0     0     0     0     0     0     0     1     1
 1932     0     0     0     0     0     0     0     0     0     0     2     0     0     0     0     0     0     0     0     0     0     0     0     1     0     0     0     0     0     0     0
 1933     0     0     0     0     0     0     0     0     0     0     0     0     0     1     0     0     0     0     0     0     0     0     0     0     4     0     0     0     0     0     0
 1934     0     0     0     0     0     0     0     0     0     0     0     0     0     1     0     0     0     0     0     0     0     0     0     0     4     0     0     0     0     0     0
 1935     0     0     0     0     0     0     0     0     0     0     0     0     0     1     1     0     0     0     0     0     0     0     2     0     2     0     0     1     0     0     0
 1936     0     0     0     0     2     2     0     0     0     0     0     0     0     0     0     0     0     0     0     0     0     0     0     0     0     0     0     0     0     0     0
 1937     0     0     0     0     0     0     1     1     0     0     0     1     0     2     0     0     0     0     2     0     0     0     0     0     1     0     0     0     0     0     0
 1938     0     0     0     0     1     0     1     0     0     0     0     0     0     0     0     0     0     0     0     0     0     0     1     0     0     0     0     0     0     0     0
 1939     0     0     0     0     0     0     0     0     0     0     0     0     0     0     0     0     0     0     0     1     0     0     0     0     0     0     0     0     0     0     0
 1940     2     2     0     0     0     0     0     0     0     0     0     0     1     0     0     1     2     0     0     1     0     0     0     0     0     0     0     0     0     0     0
 1941     0     0     0     0     0     0     0     1     0     0     0     1     0     0     0     0     0     0     0     0     0     0     1     1     0     5     0     0     0     2     2
 1942     3     0     0     0     0     0     0     0     0     0     0     0     0     0     0     0     0     0     0     2     0     1     0     0     0     0     1     0     0     0     0
 1943     0     0     0     0     0     0     0     0     0     0     0     0     0     0     0     0     0     0     0     0     0     0     0     0     0     0     0     0     0     0     0
 1944     0     0     0     1     1     0     0     0     0     1     1     0     0     0     0     0     0     0     0     0     0     0     1     0     0     0     2     0     0     0     1
 1945     1     1     0     0     0     0     0     0     0     0     0     0     2     1     0     0     0     0     0     0     1     0     0     2     3     1     0     0     0     0     0
 1946     0     0     0     0     0     0     0     0     0     0     0     0     0     0     1     0     0     0     0     0     1     1     0     0     0     0     0     1     2     0     0
 1947     0     0     0     0     1     0     0     3     0     1     0     0     1     0     0     0     0     0     0     0     0     0     0     0     0     0     0     0     0     0     0
 1948     0     0     0     0     0     0     0     0     0     0     0     0     0     0     0     0     0     2     0     0     0     0     0     0     0     0     0     0     2     0     0
 1949     0     0     0     0     0     0     1     0     2     1     0     0     0     0     0     0     0     0     0     0     0     2     0     0     0     0     0     0     0     0     0
 1950     0     2     1     0     1     3     1     1     0     0     1     1     0     0     1     0     0     0     1     0     0     0     0     0     0     4     0     0     0     0     0
 1951     0     0     0     0     0     0     0     0     1     0     0     0     0     0     1     0     0     4     0     0     3     0     1     0     2     0     0     0     0     0     0
 1952     0     1     0     0     0     0     0     0     0     0     0     1     0     0     0     0     0     0     0     3     1     0     2     1     0     0     0     0     0     0     0
 1953     0     0     0     0     0     0     0     0     0     1     0     0     1     0     0     2     0     0     0     0     0     0     0     0     0     0     0     0     0     0     0
 1954     7     0     0     0     0     0     0     0     1     0     0     0     0     0     1     0     2     0     0     0     0     0     0     0     0     0     0     0     0     0     0
 1955     0     3     1     0     0     0     0     0     0     0     0     0     0     0     0     0     0     1     0     2     1     0     0     0     0     4     0     0     0     0     0
 1956     0     0     0     0     0     0     0     0     0     0     0     0     3     0     0     0     0     0     0     0     0     0     0     0     0     0     0     0     0     0     0
 1957     0     0     0     0     0     0     0     0     0     0     0     0     0     0     0     0     0     0     0     0     0     0     0     0     3     1     0     0     0     0     2
 1958     0     0     0     0     0     0     0     0     0     0     0     0     0     0     0     0     0     0     0     0     0     0     0     0     0     0     0     0     0     0     0
 1959     0     0     0     0     0     0     0     0     0     0     0     0     0     0     0     0     0     0     0     0     0     0     4     0     0     0     0     0     0     0     0
 1960     0     0     0     0     0     0     0     0     0     0     0     0     0     0     0     0     0     0     0     3     0     0     0     0     0     1     0     0     1     0     0
 1961     0     0     0     0     0     0     0     0     2     4     0     6     0     0     0     0     4     0     0     0     1     0     1     0     0     0     0     0     0     0     0
 1962     0     0     0     0     0     0     0     0     0     0     0     0     0     0     0     0     0     0     0     0     0     0     0     0     7     0     0     0     0     0     0
 1963     0     0     3     0     0     0     0     0     0     0     0     5     0     0     0     0     1     2     0     0     0     0     0     0     0     0     0     0     0     0     0
 1964     0     1     0     0     0     0     1     1     0     0     0     0     0     0     0     0     0     0     0     2     0     0     0     0     0     3     0     0     2     0     0
 1965     0     0     0     0     0     0     0     0     0     0     0     0     0     0     0     0     0     0     0     0     0     0     0     0     0     0     0     0     0     0     0
 1966     0     0     0     0     1     0     0     0     0     0     0     0     0     0     0     0     0     0     0     0     0     0     0     0     0     0     0     6     3     0     0
 1967     0     0     0     0     0     0     0     0     0     1     0     0     0     0     0     0     0     0     0     0     0     0     0     0     0     0     0     0     0     0     0
 1968     0     0     0     0     0     0     0     0     0     0     0     0     0     1     0     0     0     0     4     0     0     5     1     0     0     0     0     8     1     0     3
 1969     0     0     0     0     0     0     3     3     0     2     0     0     0     0     1     0     0     0     0     0     2     0     7     0     1     0     0     5     0     0     0
 1970     0     0     0     0     0     0     0     0     0     0    10     0     2     0     0     0     0     0     0     0     0     2     0     0     0     0     0     0     0     0     0
 1971     0     0     0     0     1     0     0     0     0     0     0     0     0     0     0     0     0     0     0     0     0     0     0     0     0     0     0     0     0     7     0
 1972     0     0     0     0     0     0     0     0     0     2     0     4     3     0     0     0     0     0     0     0     0     0     0     0     0     0     0     0     0     0     0
 1973     0     0     0     0     7     0     0     0     0     0     0     0     0     0     6     0     0     0     0     0     0     0     0     0     0     0     1     0     0     0     0
 1974     5     0     0     0     0     0     0     0     0     0     0     0     2     0     0     0     0     0     1     0     0     0     0     0     0     0     0     0     0     0     0
 1975     0     0     0     0     0     0     0     1     0     0     0     0     0     0     0     0     0     0     0     0     0     0     0     0     0     0     0     0     0     0     0
 1976     0     0     1     0     0     4     0     0     0     0     0     0     0     0     0     0     0     0     0     0     0     0     0     0     0     2     0     0     0     0     0
 1977     1     0     0     0     1     1     0     2     2     0     0     0     0     0     0     0     0     0     0     2     2     0     0     0     2     0     0     0     0     0     0
 1978     0     0     2     0     0     0     0     2     0     0     1     0     0     0     0     0     0     0     0     0     0     0     0     1     0     1     0     0     0     2     0
 1979     1     0     0     0     0     0     0     0     0     0     0     0     0     0     0     0     0     0     0     0     0     0     0     0     0     0     0     0     0     0     0
 1980     0     4     0     0     0     0     0     0     0     0     0     0     0     0     0     0     0     0     0     0     0     0     0     1     0     0     0     0     0     0     0
 1981     0     0     0     0     0     0     0     0     0     0     0     0     0     0     0     0     0     0     0     0     0     0     0     0     0     0     0     0     0     0     0
 1982     0     0     0     0     0     0     0     0     0     0     0     0     0     0     0     0     0     0     0     0     0     0     0     0     0     0     0     0     0     0     0
 1983     0     0     0     0     0     0     0     0     0     0     0     0     0     0     0     0     0     0     0     0     0     0     0     0     0     0     0     0     0     0     0
 1984     0     0     0     0     0     0     0     0     0     0     0     0     0     0     0     0     0     0     0     0     0     0     0     0     0     0     0     0     0     0     0
 1985     0     0     0     0     0     0     0     0     0     0     0     0     0     0     0     0     0     0     0     0     0     0     0     0     0     0     0     0     0     0     0
 1986     0     0     0     0     0     0     0     0     0     0     0     0     0     0     0     0     0     0     0     0     0     0     0     0     0     0     0     0     0     0     0
 1987     0     0     0     0     0     0     0     0     0     0     0     0     0     0     0     0     0     0     0     0     0     0     0     0     0     0     0     0     0     0     0
 1988     0     0     0     0     0     0     0     0     0     0     0     0     0     0     0     0     0     0     0     0     0     0     0     0     0     0     0     0     0     0     0
 1989     0     0     0     0     0     0     0     0     0     0     0     0     0     0     0     0     0     0     0     0     0     0     0     0     0     0     0     0     0     0     0
 1990     0     0    10     0     0     0     0     0     0     0     0     0     0     5     0     4     0     1     0     0     1     0     0     0     0     0     0     0     0     1     0
 1991     0     2     4     0     0     0     0     0     0     0     0     0     0     1     1     0     0     0     0     6     0     0     0     0     0     0     0     0     0     0     1
 1992     1     0     0     1     0     2     1     0     0     0     0     0     0     0     0     1     0     1     0     0     0     0     1     0     0     0     0     0     0     0     0
 1993     0     0     0     0     0     0     0     0     0     0     0     0     0     0     0     0     0     0     0     0     0     1     0     0     0     1     0     0     1     1     0
 1994     0     0     0     0     0     2     5     1     0     0     0     0     0     0     4     0     0     0     0     0     0     0     0     0     0     0     0     0     0     0     0
 1995     0     0     0     0     0     0     0     3     1     0     1     3     2     0     0     0     0     0     0     0     0     0     0     0     0     0     0     0     0     0     0
 1996     0     0     2     0     1     1     0     0     0     0     0     0     0     0     1     0     0     0     1     0     0     0     0     2     1     2     0     0     0     0     0
 1997     0     0     2     0     0     0     0     1     1     2     0     0     0     0     0     0     0     0     0     0     0     0     0     0     0     0     0     0     0     0     0
 1998     0     0     0     0     0     0     0     0     0     0     0     0     0     0     0     0     0     0     0     0     0     0     0     0     0     0     1     0     1     0     0
 1999     0     0     0     0     0     0     0     0     0     0     0     0     0     0     0     0     0     0     1     1     0     0     1     2     0     0     1     0     0     0     0
 2000     1     0     0     0     0     0     1     0     2     4     1     1     1     0     0     0     0     5     0     3     0     0     4     0     0     0     0     3     4     0     2
 2001     0     0     0     0     0     0     0     0     0     0     0     0     0     0     0     0     0     0     0     0     0     0     0     1     0     0     0     0     0     0     0
 2002     0     1     0     0     0     0     0     0     0     0     0     0     0     0     0     0     0     0     0     0     0     0     0     0     0     0     0     0     0     0     0
 2003     0     0     0     0     2     0     0     0     0     1     0     0     0     0     0     1     0     1     0     0     0     0     0     0     0     0     0     0     0     0     0
 2004     0     0     0     0     0     0     0     0     0     0     0     0     0     0     0     0     0     0     0     0     2     0     0     0     0     0     0     0     0     0     0
 2005     4     0     2     1     0     0     0     1     0     0     0     0     0     5     0     1     0     0     0     0     0     0     0     0     0     0     0     0     0     0     0
 2006     0     0     0     0     0     0     0     0     0     0     0     0     0     0     0     0     0     0     0     0     0     0     0     0     0     0     0     0     0     0     0
 2007     2     0     0     1     4     0     2     0     1     0     1     0     0     0     0     0     0     0     0     0     0     0     5     0     0     0     0     1     0     0     0
 2008     0     0     0     1     0     1     1     0     7     0     0     0     0     0     0     1     2     0     8     3     0     0     2     2     0     2     0     2     0     0     0
 2009     0     0     0     0     0     1     1    12     0     0     0     0     0     1     0     0     0     0     0     0     0     4     0     3     0     0     0     0     0     1     1
 2010    00    00    01    06    00    00    00    01    00    03    05    00    00    00    03    00    00    00    04    02    00    00    05    00    00    00    00    00    00    00    00
 2011    00    00    00    00    00    00    00    00    00    00    00    00    00    00    00    00    01    00    00    00    00    01    00    00    00    00    00    00    00    01    00
 2012    00    00    00    00    00    00    00    00    02    00    00    00    00    00    00    00    00    01    00    05    00    00    00    00    00    00    00    02    01    00    00