 1893     0     0     0     0     0     0     0     0     0     0     0     0     0     0     0     0     0     0     0     0     0     0     0     0     0     0     0     0
 1894     0     0     0     0     0     0     0     0     0     0     0     0     0     0     0     0     0     0     0     0     0     0     0     0     0     0     0     0
 1895     0     0     0     0     0     0     0     0     0     0     0     0     0     0     0     0     0     0     0     0     0     0     0     0     0     0     0     0
 1896     0     0     0     0     0     0     0     0     0     0     0     0     0     0     0     0     0     0     0     0     0     0     0     0     0     0     0     0
 1897     0     0     0     0     2     1     0     0     0     0     0     1     0     0     0     0     0     0     0     0     0     4     0     0     0     0     0     1
 1898     0     0     0     0     0     1     0     0     0     0     0     0     0     0     0     0     1     0     6     3     0     0     0     0     0     0     0     0
 1899     2     0     0     0     0     0     0     0     0     0     0     0     0     1     0     0     0     1     0     0     0     1     1     0     1     4     2     0
 1900     0     0     0     0     3     0     0     7     0     0     0     0     0     1     0     0     0     0     0     0     0     0     1     0     0     0     0     0
 1901     0     0     0     0     0     0     0     4     0     0     0     0     0     0     0     0     1     0     0     0     0     0     0     0     0     0     0     0
 1902     0     0     2     0     0     1     0     0     0     0     3     0     0     0     0     0     0     0     0     0     0     0     0     0     0     1     1     0
 1903     0     0     0     5     0     0     0     0     0     0     0     0     0     0     0     0     0     0     1     0     0     0     0     0     0     0     1     1
 1904     0     0     0     0     0     0     0     0     0     0     0     0     0     0     0     0     0     0     3     0     0     0     1     0     0     1     0     0
 1905     0     0     0     0     4     0     0     4     0     0     2     0     0     2     0     0     0     0     0     0     0     0     0     1     0     0     0     0
 1906     0     0     0     0     0     0     0     1     0     0     2     0     4     0     0     0     0     0     0     0     0     0     0     0     0     0     0     0
 1907     0     0     0     1     0     4     0     0     0     0     0     0     0     0     0     0     0     0     0     0     0     0     0     0     0     0     0     0
 1908     0     0     0     0     6     0     0     0     0     0     0     0     0     0     0     0     0     5     0     0     0     0     0     0     0     0     0     0
 1909     0     0     0     0     0     0     0     0     0     0     0     0     0     2     4     8     0     0     0     0     0     0     1     3     0     0     1     0
 1910     0     0     0     0     0     0     0     0     0     0     0     0     0     0     0     0     0     0     0     2     0     1     0     0     0     2     0     0
 1911     0     0     0     0     0     7     0     0     0     0     0     0     1     0     0     0     0     0     0     0     0     0     0     0     0     0     0     0
 1912     1     0     0     1     0     0     0     0     0     0     0     0     1     0     0     0     0     0     0     0     0     1     0     0     0     2     0     0
 1913     0     0     0     0     0     0     0     0     0     0     0     0     0     0     0     0     0     0     0     0     1     4     0     0     2     0     0     0
 1914     0     0     0     0     3     0     0     0     0     0     0     0     1     0     2     0     0     0     0     1     0     0     0     0     0     0     0     0
 1915     8     0     0     1     1     0     0     0     0     0     0     0     1     1     0     0     0     0     0     2     1     0     2     0     0     0     0     0
 1916     0     0     0     4     0     2     0     0     0     0     0     1     0     0     0     0     0     0     0     0     0     0     0     0     0     1     0     1
 1917     3     0     0     1     0     0     1     0     0     0     0     0     0     1     0     0     0     0     0     5     0     0     0     0     0     0     0     0
 1918     0     0     0     0     1     0     0     0     0     0     0     0     0     0     0     1     0     0     0     1     0     0     0     0     0     0     0     0
 1919     0     0     0     0     0     0     0     0     0     0     0     0     1     0     0     0     0     0     0     0     0     0     0     1     0     1     5     2
 1920     0     0     0     0     1     0     0     0     0     0     0     0     2     0     0     0     0     1     0     0     1     1     0     0     0     0     0     0
 1921     0     0     0     0     1     4     0     1     0     0     0     0     0     0     0     0     0     0     0     0     0     0     0     1     0     0     0     0
 1922     2     0     0     0     0     0     0     0     0     0     0     2     0     0     0     0     0     0     0     0     2     5     1     0     0     1     0     0
 1923     0     0     0     0     0     0     0     0     0     1     0     6     0     0     0     0     0     0     0     0     0     0     0     0     0     0     0     0
 1924     0     0     0     2     0     0     0     0     0     0     0     0     0     0     0     0     1     0     2     0     0     1     1     0     0     0     0     0
 1925     3     0     0     0     0     0     0     1     0     0     0     0     0     0     0     0     1     0     0     0     0     0     0     0     0     0     0     0
 1926     0     0     1     0     0     0     0     0     0     0     0     0     0     0     0     0     0     0     0     0     0     0     0     1     1     0     0     0
 1927     0     0     0     0     0     0     0     0     0     0     0     0     0     1     0     0     0     0     0     0     0     0     0     0     0     0     0     0
 1928     0     0     0     0     0     0     3     1     0     0     0     0     0     1     0     0     0     0     0     0     1     2     0     0     0     0     0     0
 1929     0     0     0     0     0     0     0     1     0     0     0     0     0     0     0     0     4     0     0     0     0     0     0     0     1     6     0     0
 1930     1     0     0     0     0     0     0     0     0     0     0     0     1     0     0     1     0     0     0     0     0     0     0     0    -1     0     0     1
 1931     0     0     0     0     0     1     0     0     0     0     0     1     0     0     0     0     0     0     0     0     0     0     0     0     0     0     0     0
 1932     4     1     0     0     0     0     1     0     0     0     0     0     0     0     1     1     1     0     0     0     0     0     0     0     0     0     0     0
 1933     0     0     0     0     0     0     2     0     0     0     0     0     1     0     0     0     0     0     1     0     0     0     0     0     0     0     0     0
 1934     0     0     0     0     0     0     2     0     0     0     0     0     1     0     0     0     0     0     1     0     0     0     0     0     0     0     0     0
 1935     0     0     0     0     0     0     0     0     0     0     0     0     0     1     0     0     0     0     0     0     0     0     0     1     3     0     0     0
 1936     0     0     3     1     0     1     0     3     0     0     0     0     2     0     0     0     3     0     0     1     0     0     0     0     0     1     1     0
 1937     0     0     0     2     0     0     1     1     0     0     0     0     0     0     1     0     0     0     0     1     2     0     0     0     0     0     0     0
 1938     0     1     0     0     0     0     0     0     0     0     0     0     0     0     0     0     1     1     0     0     0     0     0     0     0     0     0     0
 1939     0     0     0     0     0     0     0     1     0     5     0     0     0     0     0     0     2     0     0     0     0     0     2     0     0     0     0     2
 1940     0     0     0     1     1     0     0     0     0     0     0     0     0     0     0     0     0     0     0     0     0     1     1     2     0     0     0     0
 1941     0     0     0     0     0     0     0     0     0     0     0     0     0     0     0     0     2     0     0     0     0     0     0     0     0     0     1     0
 1942     0     0     0     0     0     0     0     0     1     2     0     0     0     0     0     2     0     0     0     0     0     0     0     0     0     0     0     0
 1943     2     0     1     0     0     0     0     0     0     0     0     1     0     0     0     0     0     0     0     0     0     0     0     0     0     1     0     0
 1944     0     0     0     0     0     0     0     0     0     1     2     0     0     1     2     0     1     0     0     0     0     1     0     0     0     0     0     0
 1945     0     0     1     2     0     0     1     0     0     0     0     0     0     0     0     0     0     0     0     1     0     6     0     0     0     5     0     0
 1946     0     1     0     0     0     1     0     0     0     0     0     0     0     1     0     0     0     0     0     0     0     0     0     0     0     1     2     0
 1947     0     0     0     0     0     1     0     0     0     0     0     0     0     0     0     0     0     1     0     0     0     0     0     0     0     0     0     0
 1948     0     0     0     1     0     0     1     1     0     0     1     2     0     0     0     0     0     0     0     0     0     0     0     0     1     0     0     4
 1949     0     0     1     0     0     0     0     0     0     0     0     0     1     0     2     0     0     0     0     0     1     0     0     0     0     0     0     0
 1950     0     0     0     0     0     0     0     2     0     0     0     0     2     4     0     0     0     0     0     0     0     0     0     0     0     0     0     1
 1951     1     0     0     0     0     4     0     0     0     0     0     0     2     0     0     0     0     0     0     0     0     0     0     0     1     0     0     0
 1952     0     0     0     0     0     0     0     0     0     0     0     0     0     0     0     0     0     0     3     2     0     0     1     1     0     0     0     0
 1953     0     0     0     0     0     1     0     0     0     0     0     4     0     0     0     0     0     0     0     0     0     0     0     0     0     0     0     0
 1954     0     0     0     0     0     0     0     0     0     0     0     0     0     0     0     0     0     0     0     0     0     0     0     0     0     0     0     0
 1955     0     0     0     0     2     0     0     0     0     1     0     0     0     0     0     0     0     0     0     0     0     0     0     2     0     0     0     0
 1956     1     3     0     0     0     0     0     0     0     0     0     0     0     0     0     0     0     0     0     0     0     0     0     0     0     0     0     0
 1957     0     0     0     0     0     0     0     0     0     0     1     0     0     0     0     0     0     0     0     0     0     2     0     0     0     0     0     0
 1958     0     0     0     0     0     0     0     0     0     0     0     0     0     0     1     0     0     0     0     0     0     0     0     0     0     0     0     0
 1959     0     0     1     0     5     0     0     0     1     6     2     0     0     0     0     0     0     0     0     0     0     0     7     0     0     0     0     0
 1960     0     0     0     0     0     0     0     0     0     0     0     0     0     0     0     0     0     0     0     0     3     1     0     0     0     0     0     0
 1961     0     0     0     0     0     0     0     0     0     0     0     0     0     0     0     0     0     0     3     0     0     0     0     0     0     0     0     0
 1962     2     0     0     0     0     0     0     0     1     0     0     0     0     0     0     2     0     4     4     0     3     4     0     0     1     6     0     0
 1963     1     0     0     0     0     0     0     0     0     1     1     0     0     0     0     0     0     0     5     0     0     0     0     0     1     0     0     2
 1964     0     0     0     0     0     0     0     0     0     0     0     0     0     0     0     0     0     0     1     0     0     0     0     0     0     0     0     0
 1965     5     0     0     0     0     0     0     0     0     0     0     7     0     0     0     0     0     0     0     0     0     0     0     1     0     0     0     0
 1966     0     0     0     0     0     0     0     0     0     0     0     0     0     0     0     0     0     1     1     0     0     0     0     0     0     0     0     0
 1967     0     0     0     0     4     1     0     0     0     0     0     0     1     0     0     2     0     2     3     0     0     0     1     0     0     0     1     0
 1968     0     1     0     0     0     0     1     0     0     0     0     0     0     0     0     0     0     0     0     1     0     0     0     0     0     0     0     0
 1969     0     0     0     0     0     0     1     0     0     0     0     0     0     0     0     0     0     0     0     0     0     0     0     0     0     0     0     0
 1970     0     0     0     1     0     0     0     0     1     0     0     0     0     0     0     0     0     0     0     0     0     0     0     0     0     0     0     0
 1971     0     0     0     0     6     0     0     0     0     0     0     1     0     0     0     0     1     0     0     0     0     0     6     0     0     0     1     0
 1972     0     2     0     0     0     0     0     0     0     1     0     0     0     0     0     3     0     0     0     0     0     0     0     0     3     0     0     0
 1973     0     0     0     0     0     0     0     0     0     0     0     0     0     2     0     0     0     0     0     0     0     0     0     0     0     0     0     0
 1974     2     0     0     0     4     0     0     0     0     0     0     0     0     0     1     0     0     0     0     0     0     6     0     0     0     0     0     0
 1975     0     0     0     0     3     2     0     0     0     0     0     0     0     0     0     0     4     0     0     0     0     0     0     6     0     0     0     0
 1976     0     0     0     0     0     0     0     0     0     0     0     0     0     0     0     0     1     0     0     0     3     0     0     0     0     0     0     0
 1977     0     0     0     2     0     0     0     0     0     0     0     0     0     0     0     0     0     0     0     0     0     0     0     0     0     0     0     0
 1978     2     2     2     0     0     0     0     0     0     0     0     0     1     1     0     0     0     0     0     1     0     0     1     0     0     0     1     1
 1979     0     0     0     0     0     0     0     0     0     0     3     4     0     0     0     0     0     0     0     0     1     0     0     0     0     0     0     0
 1980     0     0     0     0     1     3     0     0     0     0     0     0     0     0     0     0     0     0     0     0     0     0     0     0     1     0     0     2
 1981     0     0     0     0     0     0     0     0     0     0     0     0     0     0     0     0     0     0     0     0     0     0     0     0     0     0     0     0
 1982     0     0     0     0     0     0     0     0     0     0     0     0     0     0     0     0     0     0     0     0     0     0     0     0     0     0     0     0
 1983     0     0     0     0     0     0     0     0     0     0     0     0     0     0     0     0     0     0     0     0     0     0     0     0     0     0     0     0
 1984     0     0     0     0     0     0     0     0     0     0     0     0     0     0     0     0     0     0     0     0     0     0     0     0     0     0     0     0
 1985     0     0     0     0     0     0     0     0     0     0     0     0     0     0     0     0     0     0     0     0     0     0     0     0     0     0     0     0
 1986     0     0     0     0     0     0     0     0     0     0     0     0     0     0     0     0     0     0     0     0     0     0     0     0     0     0     0     0
 1987     0     0     0     0     0     0     0     0     0     0     0     0     0     0     0     0     0     0     0     0     0     0     0     0     0     0     0     0
 1988     0     0     0     0     0     0     0     0     0     0     0     0     0     0     0     0     0     0     0     0     0     0     0     0     0     0     0     0
 1989     0     0     0     0     0     0     0     0     0     0     0     0     0     0     0     0     0     0     0     0     0     0     0     0     0     0     0     0
 1990     0     0     2     0     0     0     0     0     0     0     0     0     0     0     1     3     0     0     0     0     0     0     1     0     0     0     0     0
 1991     0     0     0     0     0     0     0     0     0     0     0     0     0     3     0     0     0     0     0     0     0     0     0     0     0     1     1     0
 1992     0     0     0     0     0     0     0     0     0     0     0     0     1     0     1     0     0     4     1     0     0     0     0     1     0     0     0     0
 1993     0     0     0     0     0     0     0     0     3     0     1     0     1     0     0     0     0     0     0     0     9     4     0     0     0     0     0     0
 1994     0     1     0     0     0     0     2     3     0     0     0     1     0     0     0     0     0     0     0     0     0     0    13     0     5     0     0     1
 1995     0     0     0     0     0     0     1     0     0     0     0     0     0     0     0     0     0     0     0     0     0     0     0     0     0     0     0     0
 1996     0     0     0     0     0     0     0     0     0     0     0     0     0     0     0     0     0     0     0     0     0     0     0     0     0     0     0     0
 1997     0     0     0     8     0     0     0     0     0     0     0     2     0     1     0     2     0     0     0     0     0     0     0     5     0     0     1     0
 1998     3     1     0     0     0     0     0     0     0     0     0     0     0     0     0     0     0     0     0     0     0     0     0     0     0     0     0     0
 1999     0     0     0     0     0     0     0     0     0     0     0     1     0     0     0     0     0     0     0     0     0     0     0     1     0     0     0     0
 2000     0     0     0     0     0     1     0     0     0     0     0     0     3     0     0     0     1     2     0     0     0     0     0     0     0     0     0     0
 2001     0     0     1     2     0     0     0     0     2     0     0     0     0     1     0     0     0     0     0     0     0     0     0     0     0     0     0     0
 2002     4     0     0     0     0     0     0     0     0     0     0     0     0     0     0     0     0     0     0     0     1     1     0     0     0     0     0     0
 2003     0     0     1     2     0     0     0     0     0     1     1     0     0     0     1     0     0     0     0     0     0     0     0     0     0     0     0     0
 2004     0     3     1     0     0     5     1     0     0     0     0     0     0     0     0     0     0     0     0     0     0     0     0     0     0     0     0     0
 2005     0     0     0     0     0     0     1     0     1     0     0     0     0     0     0     0     0     0     0     2     0     0     0     0     0     0     0     0
 2006     0     0     0     0     0     0     0     0     0     1     0     0     0     0     0     5     0     0     0     0     0     1     0     0     0     0     0     0
 2007     0     0     0     0     0     5     0     0     0     0     0     5     0     0     0     0     0     0     0     0     0     0     0     5    10     1     0     0
 2008     0     1     0     0     0     1     0     0     1     0     0     3     0     8     0     4     0     0     1     0     0     0     0     0     0     0     0     1
 2009     0     0     0     0     0     0     0     0     0     0     0     0     0     0     0     0     0     0     0     0     4     0     0     0     0     1     0     0
 2010     0     3     0     0     0     0     0     2     4     0     0     0     0     0     2     0     0     0     0     2     0     0     0     0     0     0     0     0
 2011    02    01    00    00    00    01    00    00    00    00    00    00    00    00    00    00    00    00    00    00    01    01    00    00    00    02    00    00
 2012    00    00    00    00    00    00    00    00    00    00    00    00    01    00    00    00    00    00    00    00    01    00    00    01    00    00    00    00
 2013    00    01    01    02    01    00    00    00    00    00    01    00    00    00    00    00    00    00    00    00    00    04    00    00    00    00    03    00
